-127.349
-131.107
-130.636
-133.542
-127.726
-131.618
-129.213
-132.746
-132.423
-133.638
-131.235
-131.074
-131.246
-131.24
-130.182
-129.507
-131.168
-129.51
-129.596
-135.992
-127.414
-133.32
-129.116
-134.066
-132.307
-128.503
-128.258
-134.909
-128.722
-129.882
-129.767
-133.81
-133.346
-133.149
-128.511
-134.934
-127.349
-131.107
-130.636
-133.542
-127.726
-131.618
-129.213
-132.746
-132.423
-133.638
-131.235
-131.074
-131.246
-131.24
-130.182
-129.507
-131.168
-129.51
-129.596
-135.992
-127.414
-133.32
-129.116
-134.066
-132.307
-128.503
-128.258
-134.909
-128.722
-129.882
-129.767
-133.81
-133.346
-133.149
-128.511
-134.934
-127.349
-131.107
-130.636
-133.542
-127.726
-131.618
-129.213
-132.746
-132.423
-133.638
-131.235
-131.074
-131.246
-131.24
-130.182
-129.507
-131.168
-129.51
-129.596
-135.992
-127.414
-133.32
-129.116
-134.066
-132.307
-128.503
-128.258
-134.909
-128.722
-129.882
-129.767
-133.81
-133.346
-133.149
-128.511
-134.934
-129.639
-127.667
-131.241
-128.609
-127.398
-129.649
-131.723
-129.683
-130.438
-131.968
-134.156
-133.514
-123.892
-128.701
-133.519
-127.924
-131.392
-132.728
-134.509
-131.189
-123.498
-129.558
-132.847
-130.392
-130.144
-129.699
-127.566
-133.849
-132.955
-130.996
-130.783
-128.861
-131.475
-135.949
-133.092
-130.374
-129.639
-127.667
-131.241
-128.609
-127.398
-129.649
-131.723
-129.683
-130.438
-131.968
-134.156
-133.514
-123.892
-128.701
-133.519
-127.924
-131.392
-132.728
-134.509
-131.189
-123.498
-129.558
-132.847
-130.392
-130.144
-129.699
-127.566
-133.849
-132.955
-130.996
-130.783
-128.861
-131.475
-135.949
-133.092
-130.374
-129.639
-127.667
-131.241
-128.609
-127.398
-129.649
-131.723
-129.683
-130.438
-131.968
-134.156
-133.514
-123.892
-128.701
-133.519
-127.924
-131.392
-132.728
-134.509
-131.189
-123.498
-129.558
-132.847
-130.392
-130.144
-129.699
-127.566
-133.849
-132.955
-130.996
-130.783
-128.861
-131.475
-135.949
-133.092
-130.374
-129.232
-130.333
-127.265
-128.995
-129.538
-130.251
-128.528
-128.247
-128.438
-131.274
-131.149
-128.871
-124.789
-128.837
-127.049
-125.003
-127.798
-130.094
-130.746
-130.394
-129.941
-134.952
-128.14
-126.182
-130.831
-126.986
-127.665
-128.589
-130.17
-131.084
-123.224
-128.482
-130.555
-129.168
-127.746
-129.639
-129.232
-130.333
-127.265
-128.995
-129.538
-130.251
-128.528
-128.247
-128.438
-131.274
-131.149
-128.871
-124.789
-128.837
-127.049
-125.003
-127.798
-130.094
-130.746
-130.394
-129.941
-134.952
-128.14
-126.182
-130.831
-126.986
-127.665
-128.589
-130.17
-131.084
-123.224
-128.482
-130.555
-129.168
-127.746
-129.639
-129.232
-130.333
-127.265
-128.995
-129.538
-130.251
-128.528
-128.247
-128.438
-131.274
-131.149
-128.871
-124.789
-128.837
-127.049
-125.003
-127.798
-130.094
-130.746
-130.394
-129.941
-134.952
-128.14
-126.182
-130.831
-126.986
-127.665
-128.589
-130.17
-131.084
-123.224
-128.482
-130.555
-129.168
-127.746
-129.639
-130.649
-134.413
-128.234
-130.621
-126.784
-133.368
-127.657
-134.625
-125.531
-131.46
-125.182
-134.222
-130.961
-132.899
-124.692
-129.07
-126.367
-133.895
-129.763
-131.662
-129.074
-132.166
-127.118
-133.217
-128.927
-122.83
-134.558
-124.795
-131.627
-127.295
-131.522
-132.481
-136.679
-130.761
-131.144
-130.649
-134.413
-128.234
-130.621
-126.784
-133.368
-127.657
-134.625
-125.531
-131.46
-125.182
-134.222
-130.961
-132.899
-124.692
-129.07
-126.367
-133.895
-129.763
-131.662
-129.074
-132.166
-127.118
-133.217
-128.927
-122.83
-134.558
-124.795
-131.627
-127.295
-131.522
-132.481
-136.679
-130.761
-131.144
-130.649
-134.413
-128.234
-130.621
-126.784
-133.368
-127.657
-134.625
-125.531
-131.46
-125.182
-134.222
-130.961
-132.899
-124.692
-129.07
-126.367
-133.895
-129.763
-131.662
-129.074
-132.166
-127.118
-133.217
-128.927
-122.83
-134.558
-124.795
-131.627
-127.295
-131.522
-132.481
-136.679
-130.761
-131.144
-127.869
-125.764
-128.547
-129.738
-124.794
-130.058
-124.738
-130.208
-125.211
-129.005
-129.769
-130.1
-127.342
-128.354
-124.773
-124.489
-124.893
-126.299
-127.073
-128.936
-125.685
-128.031
-125.89
-130.002
-127.103
-124.091
-124.532
-130.631
-125.996
-125.817
-127.245
-126.171
-130.21
-126.175
-128.622
-126.752
-127.869
-125.764
-128.547
-129.738
-124.794
-130.058
-124.738
-130.208
-125.211
-129.005
-129.769
-130.1
-127.342
-128.354
-124.773
-124.489
-124.893
-126.299
-127.073
-128.936
-125.685
-128.031
-125.89
-130.002
-127.103
-124.091
-124.532
-130.631
-125.996
-125.817
-127.245
-126.171
-130.21
-126.175
-128.622
-126.752
-127.869
-125.764
-128.547
-129.738
-124.794
-130.058
-124.738
-130.208
-125.211
-129.005
-129.769
-130.1
-127.342
-128.354
-124.773
-124.489
-124.893
-126.299
-127.073
-128.936
-125.685
-128.031
-125.89
-130.002
-127.103
-124.091
-124.532
-130.631
-125.996
-125.817
-127.245
-126.171
-130.21
-126.175
-128.622
-126.752
-125.525
-128.175
-125.548
-125.527
-128.752
-128.661
-128.205
-128.886
-128.895
-123.603
-127.099
-130.24
-128.32
-128.571
-130.524
-125.825
-129.698
-131.657
-126.333
-126.056
-135.945
-123.118
-126.461
-128.884
-127.134
-129.385
-130.575
-125.525
-128.175
-125.548
-125.527
-128.752
-128.661
-128.205
-128.886
-128.895
-123.603
-127.099
-130.24
-128.32
-128.571
-130.524
-125.825
-129.698
-131.657
-126.333
-126.056
-135.945
-123.118
-126.461
-128.884
-127.134
-129.385
-130.575
-125.525
-128.175
-125.548
-125.527
-128.752
-128.661
-128.205
-128.886
-128.895
-123.603
-127.099
-130.24
-128.32
-128.571
-130.524
-125.825
-129.698
-131.657
-126.333
-126.056
-135.945
-123.118
-126.461
-128.884
-127.134
-129.385
-130.575
-125.005
-129.766
-127.849
-123.389
-122.839
-124.799
-126.893
-126.248
-124.526
-124.828
-128.396
-128.483
-120.758
-127.26
-124.559
-127.496
-128.139
-128.238
-126.922
-129.926
-121.439
-128.547
-127.205
-122.9
-121.909
-124.019
-122.602
-131.871
-121.038
-127.291
-125.517
-125.584
-127.213
-130.799
-127.504
-129.321
-125.005
-129.766
-127.849
-123.389
-122.839
-124.799
-126.893
-126.248
-124.526
-124.828
-128.396
-128.483
-120.758
-127.26
-124.559
-127.496
-128.139
-128.238
-126.922
-129.926
-121.439
-128.547
-127.205
-122.9
-121.909
-124.019
-122.602
-131.871
-121.038
-127.291
-125.517
-125.584
-127.213
-130.799
-127.504
-129.321
-125.005
-129.766
-127.849
-123.389
-122.839
-124.799
-126.893
-126.248
-124.526
-124.828
-128.396
-128.483
-120.758
-127.26
-124.559
-127.496
-128.139
-128.238
-126.922
-129.926
-121.439
-128.547
-127.205
-122.9
-121.909
-124.019
-122.602
-131.871
-121.038
-127.291
-125.517
-125.584
-127.213
-130.799
-127.504
-129.321
-130.89
-133.994
-132.745
-131.388
-136.695
-136.087
-126.565
-130.65
-131.258
-136.058
-132.051
-136.406
-130.07
-131.312
-129.336
-131.398
-136.304
-132.051
-129.741
-133.778
-133.063
-132.794
-130.803
-128.878
-132.13
-136.131
-126.348
-132.844
-130.588
-135.594
-130.342
-128.501
-136.298
-133.626
-133.597
-128.653
-130.89
-133.994
-132.745
-131.388
-136.695
-136.087
-126.565
-130.65
-131.258
-136.058
-132.051
-136.406
-130.07
-131.312
-129.336
-131.398
-136.304
-132.051
-129.741
-133.778
-133.063
-132.794
-130.803
-128.878
-132.13
-136.131
-126.348
-132.844
-130.588
-135.594
-130.342
-128.501
-136.298
-133.626
-133.597
-128.653
-130.89
-133.994
-132.745
-131.388
-136.695
-136.087
-126.565
-130.65
-131.258
-136.058
-132.051
-136.406
-130.07
-131.312
-129.336
-131.398
-136.304
-132.051
-129.741
-133.778
-133.063
-132.794
-130.803
-128.878
-132.13
-136.131
-126.348
-132.844
-130.588
-135.594
-130.342
-128.501
-136.298
-133.626
-133.597
-128.653
-133.71
-136.767
-134.649
-131.874
-133.469
-135.663
-136.387
-134.033
-135.174
-135.712
-140.944
-131.234
-132.709
-136.572
-135.892
-129.523
-139.053
-131.894
-132.946
-133.937
-133.41
-134.874
-130.265
-132.04
-137.248
-131.489
-132.271
-133.191
-128.578
-133.995
-134.357
-130.153
-137.285
-133.77
-131.328
-133.778
-133.71
-136.767
-134.649
-131.874
-133.469
-135.663
-136.387
-134.033
-135.174
-135.712
-140.944
-131.234
-132.709
-136.572
-135.892
-129.523
-139.053
-131.894
-132.946
-133.937
-133.41
-134.874
-130.265
-132.04
-137.248
-131.489
-132.271
-133.191
-128.578
-133.995
-134.357
-130.153
-137.285
-133.77
-131.328
-133.778
-133.71
-136.767
-134.649
-131.874
-133.469
-135.663
-136.387
-134.033
-135.174
-135.712
-140.944
-131.234
-132.709
-136.572
-135.892
-129.523
-139.053
-131.894
-132.946
-133.937
-133.41
-134.874
-130.265
-132.04
-137.248
-131.489
-132.271
-133.191
-128.578
-133.995
-134.357
-130.153
-137.285
-133.77
-131.328
-133.778
-127.507
-128.262
-127.316
-126.758
-125.259
-129.361
-127.971
-132.176
-128.816
-129.693
-129.222
-127.548
-125.412
-130.456
-126.575
-130.326
-128.349
-129.92
-127.66
-128.188
-124.606
-127.791
-129.661
-128.247
-125.899
-128.766
-128.384
-132.361
-125.17
-128.615
-132.935
-128.864
-129.547
-129.492
-131.387
-131.008
-127.507
-128.262
-127.316
-126.758
-125.259
-129.361
-127.971
-132.176
-128.816
-129.693
-129.222
-127.548
-125.412
-130.456
-126.575
-130.326
-128.349
-129.92
-127.66
-128.188
-124.606
-127.791
-129.661
-128.247
-125.899
-128.766
-128.384
-132.361
-125.17
-128.615
-132.935
-128.864
-129.547
-129.492
-131.387
-131.008
-127.507
-128.262
-127.316
-126.758
-125.259
-129.361
-127.971
-132.176
-128.816
-129.693
-129.222
-127.548
-125.412
-130.456
-126.575
-130.326
-128.349
-129.92
-127.66
-128.188
-124.606
-127.791
-129.661
-128.247
-125.899
-128.766
-128.384
-132.361
-125.17
-128.615
-132.935
-128.864
-129.547
-129.492
-131.387
-131.008
-128.278
-130.884
-128.551
-127.931
-127.691
-130.179
-129.611
-125.103
-126.479
-126.884
-126.671
-129.34
-125.246
-129.124
-125.267
-119.757
-129.971
-129.114
-128.899
-134.602
-128.616
-131.284
-124.453
-128.61
-128.59
-126.204
-123.055
-131.983
-124.925
-126.415
-121.003
-127.688
-131.099
-123.936
-128.22
-130.339
-128.278
-130.884
-128.551
-127.931
-127.691
-130.179
-129.611
-125.103
-126.479
-126.884
-126.671
-129.34
-125.246
-129.124
-125.267
-119.757
-129.971
-129.114
-128.899
-134.602
-128.616
-131.284
-124.453
-128.61
-128.59
-126.204
-123.055
-131.983
-124.925
-126.415
-121.003
-127.688
-131.099
-123.936
-128.22
-130.339
-128.278
-130.884
-128.551
-127.931
-127.691
-130.179
-129.611
-125.103
-126.479
-126.884
-126.671
-129.34
-125.246
-129.124
-125.267
-119.757
-129.971
-129.114
-128.899
-134.602
-128.616
-131.284
-124.453
-128.61
-128.59
-126.204
-123.055
-131.983
-124.925
-126.415
-121.003
-127.688
-131.099
-123.936
-128.22
-130.339
-125.541
-128.623
-130.397
-129.278
-122.341
-127.746
-124.441
-123.326
-124.187
-126.495
-129.493
-130.217
-121.303
-127.798
-125.424
-124.141
-122.041
-127.904
-132.086
-131.935
-123.835
-123.163
-124.369
-128.306
-124.713
-127.787
-121.96
-132.167
-124.625
-123.359
-127.124
-129.633
-132.515
-124.766
-129.185
-126.161
-125.541
-128.623
-130.397
-129.278
-122.341
-127.746
-124.441
-123.326
-124.187
-126.495
-129.493
-130.217
-121.303
-127.798
-125.424
-124.141
-122.041
-127.904
-132.086
-131.935
-123.835
-123.163
-124.369
-128.306
-124.713
-127.787
-121.96
-132.167
-124.625
-123.359
-127.124
-129.633
-132.515
-124.766
-129.185
-126.161
-125.541
-128.623
-130.397
-129.278
-122.341
-127.746
-124.441
-123.326
-124.187
-126.495
-129.493
-130.217
-121.303
-127.798
-125.424
-124.141
-122.041
-127.904
-132.086
-131.935
-123.835
-123.163
-124.369
-128.306
-124.713
-127.787
-121.96
-132.167
-124.625
-123.359
-127.124
-129.633
-132.515
-124.766
-129.185
-126.161
-132.19
-131.601
-129.143
-130.58
-128.149
-133.59
-135.582
-137.017
-132.281
-131.017
-132.296
-137.902
-127.407
-129.429
-136.074
-131.814
-132.029
-131.777
-135.425
-133.198
-128.096
-130.625
-133.334
-133.349
-128.534
-128.161
-130.108
-133.882
-125.633
-130.652
-133.135
-131.028
-127.893
-130.915
-134.588
-131.671
-132.19
-131.601
-129.143
-130.58
-128.149
-133.59
-135.582
-137.017
-132.281
-131.017
-132.296
-137.902
-127.407
-129.429
-136.074
-131.814
-132.029
-131.777
-135.425
-133.198
-128.096
-130.625
-133.334
-133.349
-128.534
-128.161
-130.108
-133.882
-125.633
-130.652
-133.135
-131.028
-127.893
-130.915
-134.588
-131.671
-132.19
-131.601
-129.143
-130.58
-128.149
-133.59
-135.582
-137.017
-132.281
-131.017
-132.296
-137.902
-127.407
-129.429
-136.074
-131.814
-132.029
-131.777
-135.425
-133.198
-128.096
-130.625
-133.334
-133.349
-128.534
-128.161
-130.108
-133.882
-125.633
-130.652
-133.135
-131.028
-127.893
-130.915
-134.588
-131.671
-131.732
-130.248
-126.866
-130.233
-129.477
-131.236
-134.432
-134.95
-131.511
-131.87
-129.658
-131.193
-134.076
-128.201
-126.777
-130.532
-137.302
-125.751
-130.699
-133.615
-125.956
-130.847
-129.141
-130.655
-125.954
-126.763
-130.848
-132.495
-125.379
-128.059
-129.623
-130.817
-128.787
-135.022
-135.361
-134.553
-131.732
-130.248
-126.866
-130.233
-129.477
-131.236
-134.432
-134.95
-131.511
-131.87
-129.658
-131.193
-134.076
-128.201
-126.777
-130.532
-137.302
-125.751
-130.699
-133.615
-125.956
-130.847
-129.141
-130.655
-125.954
-126.763
-130.848
-132.495
-125.379
-128.059
-129.623
-130.817
-128.787
-135.022
-135.361
-134.553
-131.732
-130.248
-126.866
-130.233
-129.477
-131.236
-134.432
-134.95
-131.511
-131.87
-129.658
-131.193
-134.076
-128.201
-126.777
-130.532
-137.302
-125.751
-130.699
-133.615
-125.956
-130.847
-129.141
-130.655
-125.954
-126.763
-130.848
-132.495
-125.379
-128.059
-129.623
-130.817
-128.787
-135.022
-135.361
-134.553
-128.499
-128.016
-130.641
-128.298
-132.427
-124.393
-130.185
-131.278
-128.838
-127.741
-131.388
-128.763
-128.022
-129.441
-131.413
-129.372
-130.67
-124.157
-131.283
-130.99
-129.365
-129.416
-130.296
-130.883
-130.495
-127.072
-131.383
-133.178
-126.804
-127.911
-129.276
-130.651
-130.786
-130.151
-129.213
-130.087
-128.499
-128.016
-130.641
-128.298
-132.427
-124.393
-130.185
-131.278
-128.838
-127.741
-131.388
-128.763
-128.022
-129.441
-131.413
-129.372
-130.67
-124.157
-131.283
-130.99
-129.365
-129.416
-130.296
-130.883
-130.495
-127.072
-131.383
-133.178
-126.804
-127.911
-129.276
-130.651
-130.786
-130.151
-129.213
-130.087
-128.499
-128.016
-130.641
-128.298
-132.427
-124.393
-130.185
-131.278
-128.838
-127.741
-131.388
-128.763
-128.022
-129.441
-131.413
-129.372
-130.67
-124.157
-131.283
-130.99
-129.365
-129.416
-130.296
-130.883
-130.495
-127.072
-131.383
-133.178
-126.804
-127.911
-129.276
-130.651
-130.786
-130.151
-129.213
-130.087
-134.72
-127.732
-129.06
-130.238
-132.829
-130.342
-130.253
-128.29
-130.321
-134.387
-135.056
-130.387
-126.822
-129.554
-128.16
-125.746
-136.154
-133.29
-131.289
-135.585
-128.695
-131.439
-132.291
-130.075
-131.546
-128.922
-127.622
-134.785
-130.141
-128.732
-131.694
-127.162
-133.899
-132.951
-131.226
-130.76
-134.72
-127.732
-129.06
-130.238
-132.829
-130.342
-130.253
-128.29
-130.321
-134.387
-135.056
-130.387
-126.822
-129.554
-128.16
-125.746
-136.154
-133.29
-131.289
-135.585
-128.695
-131.439
-132.291
-130.075
-131.546
-128.922
-127.622
-134.785
-130.141
-128.732
-131.694
-127.162
-133.899
-132.951
-131.226
-130.76
-134.72
-127.732
-129.06
-130.238
-132.829
-130.342
-130.253
-128.29
-130.321
-134.387
-135.056
-130.387
-126.822
-129.554
-128.16
-125.746
-136.154
-133.29
-131.289
-135.585
-128.695
-131.439
-132.291
-130.075
-131.546
-128.922
-127.622
-134.785
-130.141
-128.732
-131.694
-127.162
-133.899
-132.951
-131.226
-130.76
-135.026
-131.045
-128.867
-136.375
-136.336
-131.512
-122.951
-129.58
-136.208
-134.03
-134.262
-133.875
-135.766
-136.818
-128.162
-131.094
-135.305
-132.649
-132.829
-134.434
-134.916
-131.119
-133.443
-135.431
-133.767
-129.145
-126.197
-138.328
-132.826
-134.302
-128.821
-131.35
-134.17
-133.857
-132.591
-138.471
-135.026
-131.045
-128.867
-136.375
-136.336
-131.512
-122.951
-129.58
-136.208
-134.03
-134.262
-133.875
-135.766
-136.818
-128.162
-131.094
-135.305
-132.649
-132.829
-134.434
-134.916
-131.119
-133.443
-135.431
-133.767
-129.145
-126.197
-138.328
-132.826
-134.302
-128.821
-131.35
-134.17
-133.857
-132.591
-138.471
-135.026
-131.045
-128.867
-136.375
-136.336
-131.512
-122.951
-129.58
-136.208
-134.03
-134.262
-133.875
-135.766
-136.818
-128.162
-131.094
-135.305
-132.649
-132.829
-134.434
-134.916
-131.119
-133.443
-135.431
-133.767
-129.145
-126.197
-138.328
-132.826
-134.302
-128.821
-131.35
-134.17
-133.857
-132.591
-138.471
-122.803
-135.932
-132.11
-130.854
-123.572
-130.744
-130.66
-133.706
-125.514
-129.339
-133.281
-132.178
-123.894
-127.182
-123.536
-129.726
-125.147
-130.818
-132.928
-132.635
-124.904
-130.371
-132.03
-131.282
-124.151
-130.163
-132.216
-132.511
-131.341
-129.739
-133.374
-131.687
-130.395
-133.326
-132.29
-126.664
-122.803
-135.932
-132.11
-130.854
-123.572
-130.744
-130.66
-133.706
-125.514
-129.339
-133.281
-132.178
-123.894
-127.182
-123.536
-129.726
-125.147
-130.818
-132.928
-132.635
-124.904
-130.371
-132.03
-131.282
-124.151
-130.163
-132.216
-132.511
-131.341
-129.739
-133.374
-131.687
-130.395
-133.326
-132.29
-126.664
-122.803
-135.932
-132.11
-130.854
-123.572
-130.744
-130.66
-133.706
-125.514
-129.339
-133.281
-132.178
-123.894
-127.182
-123.536
-129.726
-125.147
-130.818
-132.928
-132.635
-124.904
-130.371
-132.03
-131.282
-124.151
-130.163
-132.216
-132.511
-131.341
-129.739
-133.374
-131.687
-130.395
-133.326
-132.29
-126.664
-128.127
-133.298
-130.495
-134.865
-128.227
-131.73
-129.551
-132.457
-132.686
-133.987
-129.455
-136.015
-128.845
-131.78
-130.156
-128.763
-137.254
-131.269
-132.002
-131.313
-128.997
-132.06
-128.708
-132.157
-135.012
-127.819
-124.369
-136.715
-133.271
-131.742
-127.144
-131.2
-132.82
-133.285
-130.579
-134.932
-128.127
-133.298
-130.495
-134.865
-128.227
-131.73
-129.551
-132.457
-132.686
-133.987
-129.455
-136.015
-128.845
-131.78
-130.156
-128.763
-137.254
-131.269
-132.002
-131.313
-128.997
-132.06
-128.708
-132.157
-135.012
-127.819
-124.369
-136.715
-133.271
-131.742
-127.144
-131.2
-132.82
-133.285
-130.579
-134.932
-128.127
-133.298
-130.495
-134.865
-128.227
-131.73
-129.551
-132.457
-132.686
-133.987
-129.455
-136.015
-128.845
-131.78
-130.156
-128.763
-137.254
-131.269
-132.002
-131.313
-128.997
-132.06
-128.708
-132.157
-135.012
-127.819
-124.369
-136.715
-133.271
-131.742
-127.144
-131.2
-132.82
-133.285
-130.579
-134.932
-125.08
-128.583
-126.805
-125.844
-126.073
-125.233
-126.794
-126.52
-127.332
-127.953
-127.141
-125.679
-123.803
-122.577
-127.629
-125.303
-125.259
-129.012
-127.29
-127.893
-121.664
-126.764
-128.006
-124.911
-125.656
-123.954
-126.662
-129.225
-122.771
-126.248
-127.669
-129.052
-127.683
-130.401
-128.408
-127.3
-125.08
-128.583
-126.805
-125.844
-126.073
-125.233
-126.794
-126.52
-127.332
-127.953
-127.141
-125.679
-123.803
-122.577
-127.629
-125.303
-125.259
-129.012
-127.29
-127.893
-121.664
-126.764
-128.006
-124.911
-125.656
-123.954
-126.662
-129.225
-122.771
-126.248
-127.669
-129.052
-127.683
-130.401
-128.408
-127.3
-125.08
-128.583
-126.805
-125.844
-126.073
-125.233
-126.794
-126.52
-127.332
-127.953
-127.141
-125.679
-123.803
-122.577
-127.629
-125.303
-125.259
-129.012
-127.29
-127.893
-121.664
-126.764
-128.006
-124.911
-125.656
-123.954
-126.662
-129.225
-122.771
-126.248
-127.669
-129.052
-127.683
-130.401
-128.408
-127.3
-128.94
-126.345
-130.236
-130.879
-129.951
-126.617
-131.597
-129.285
-131.051
-130.929
-132.227
-128.98
-129.332
-125.996
-128.082
-124.31
-130.988
-131.431
-127.61
-131.081
-125.054
-125.696
-133.89
-126.337
-128.821
-125.561
-125.829
-133.312
-124.657
-125.705
-127.724
-125.75
-129.427
-134.879
-127.662
-123.952
-128.94
-126.345
-130.236
-130.879
-129.951
-126.617
-131.597
-129.285
-131.051
-130.929
-132.227
-128.98
-129.332
-125.996
-128.082
-124.31
-130.988
-131.431
-127.61
-131.081
-125.054
-125.696
-133.89
-126.337
-128.821
-125.561
-125.829
-133.312
-124.657
-125.705
-127.724
-125.75
-129.427
-134.879
-127.662
-123.952
-128.94
-126.345
-130.236
-130.879
-129.951
-126.617
-131.597
-129.285
-131.051
-130.929
-132.227
-128.98
-129.332
-125.996
-128.082
-124.31
-130.988
-131.431
-127.61
-131.081
-125.054
-125.696
-133.89
-126.337
-128.821
-125.561
-125.829
-133.312
-124.657
-125.705
-127.724
-125.75
-129.427
-134.879
-127.662
-123.952
-132.51
-131.708
-130.721
-127.473
-132.879
-129.492
-135.004
-128.799
-132.461
-129.49
-132.4
-129.503
-130.406
-131.877
-131.867
-125.983
-136.121
-133.376
-133.331
-132.494
-132.102
-129.992
-131.804
-130.589
-133.09
-127.6
-128.109
-131.458
-132.813
-131.805
-130.361
-131.381
-131.507
-130.513
-132.417
-128.957
-132.51
-131.708
-130.721
-127.473
-132.879
-129.492
-135.004
-128.799
-132.461
-129.49
-132.4
-129.503
-130.406
-131.877
-131.867
-125.983
-136.121
-133.376
-133.331
-132.494
-132.102
-129.992
-131.804
-130.589
-133.09
-127.6
-128.109
-131.458
-132.813
-131.805
-130.361
-131.381
-131.507
-130.513
-132.417
-128.957
-132.51
-131.708
-130.721
-127.473
-132.879
-129.492
-135.004
-128.799
-132.461
-129.49
-132.4
-129.503
-130.406
-131.877
-131.867
-125.983
-136.121
-133.376
-133.331
-132.494
-132.102
-129.992
-131.804
-130.589
-133.09
-127.6
-128.109
-131.458
-132.813
-131.805
-130.361
-131.381
-131.507
-130.513
-132.417
-128.957
-131.733
-134.996
-138.834
-133.547
-131.976
-137.212
-135.671
-129.577
-134.596
-131.44
-133.694
-134.234
-135.598
-138.125
-127.745
-128.453
-135.503
-135.765
-138.467
-133.198
-134.433
-133.945
-133.874
-131.697
-130.696
-133.325
-135.92
-135.163
-133.698
-136.053
-132.442
-131.675
-138.095
-134.663
-132.678
-131.532
-131.733
-134.996
-138.834
-133.547
-131.976
-137.212
-135.671
-129.577
-134.596
-131.44
-133.694
-134.234
-135.598
-138.125
-127.745
-128.453
-135.503
-135.765
-138.467
-133.198
-134.433
-133.945
-133.874
-131.697
-130.696
-133.325
-135.92
-135.163
-133.698
-136.053
-132.442
-131.675
-138.095
-134.663
-132.678
-131.532
-131.733
-134.996
-138.834
-133.547
-131.976
-137.212
-135.671
-129.577
-134.596
-131.44
-133.694
-134.234
-135.598
-138.125
-127.745
-128.453
-135.503
-135.765
-138.467
-133.198
-134.433
-133.945
-133.874
-131.697
-130.696
-133.325
-135.92
-135.163
-133.698
-136.053
-132.442
-131.675
-138.095
-134.663
-132.678
-131.532
-133.137
-133.003
-132.399
-130.469
-130.372
-131.853
-130.812
-132.469
-132.007
-128.666
-130.543
-131.597
-132.83
-130.315
-130.174
-131.485
-132.929
-128.791
-130.887
-133.006
-131.104
-132.213
-130.571
-130.281
-132.902
-128.709
-127.178
-137.172
-132.36
-127.263
-130.655
-133.792
-137.628
-134.773
-133.849
-134.748
-133.137
-133.003
-132.399
-130.469
-130.372
-131.853
-130.812
-132.469
-132.007
-128.666
-130.543
-131.597
-132.83
-130.315
-130.174
-131.485
-132.929
-128.791
-130.887
-133.006
-131.104
-132.213
-130.571
-130.281
-132.902
-128.709
-127.178
-137.172
-132.36
-127.263
-130.655
-133.792
-137.628
-134.773
-133.849
-134.748
-133.137
-133.003
-132.399
-130.469
-130.372
-131.853
-130.812
-132.469
-132.007
-128.666
-130.543
-131.597
-132.83
-130.315
-130.174
-131.485
-132.929
-128.791
-130.887
-133.006
-131.104
-132.213
-130.571
-130.281
-132.902
-128.709
-127.178
-137.172
-132.36
-127.263
-130.655
-133.792
-137.628
-134.773
-133.849
-134.748
-139.206
-137.114
-130.728
-133.956
-130.803
-135.915
-131.066
-129.765
-132.934
-136.02
-131.796
-136.307
-129.946
-135.008
-128.046
-130.398
-136.406
-137.577
-130.122
-133.75
-131.366
-135.875
-127.843
-132.69
-131.29
-130.954
-129.129
-136.651
-135.153
-132.46
-130.397
-130.956
-137.311
-137.627
-130.254
-135.106
-139.206
-137.114
-130.728
-133.956
-130.803
-135.915
-131.066
-129.765
-132.934
-136.02
-131.796
-136.307
-129.946
-135.008
-128.046
-130.398
-136.406
-137.577
-130.122
-133.75
-131.366
-135.875
-127.843
-132.69
-131.29
-130.954
-129.129
-136.651
-135.153
-132.46
-130.397
-130.956
-137.311
-137.627
-130.254
-135.106
-139.206
-137.114
-130.728
-133.956
-130.803
-135.915
-131.066
-129.765
-132.934
-136.02
-131.796
-136.307
-129.946
-135.008
-128.046
-130.398
-136.406
-137.577
-130.122
-133.75
-131.366
-135.875
-127.843
-132.69
-131.29
-130.954
-129.129
-136.651
-135.153
-132.46
-130.397
-130.956
-137.311
-137.627
-130.254
-135.106
-124.247
-125.346
-129.146
-127.995
-124.74
-127.662
-125.095
-129.271
-127.084
-127.884
-129.171
-129.414
-125.68
-127.823
-129.762
-123.879
-129.517
-126.01
-128.697
-131.855
-124.389
-123.748
-126.07
-126.72
-126.74
-124.255
-124.201
-126.562
-128.505
-125.107
-127.268
-126.611
-129.362
-130.102
-126.523
-123.405
-124.247
-125.346
-129.146
-127.995
-124.74
-127.662
-125.095
-129.271
-127.084
-127.884
-129.171
-129.414
-125.68
-127.823
-129.762
-123.879
-129.517
-126.01
-128.697
-131.855
-124.389
-123.748
-126.07
-126.72
-126.74
-124.255
-124.201
-126.562
-128.505
-125.107
-127.268
-126.611
-129.362
-130.102
-126.523
-123.405
-124.247
-125.346
-129.146
-127.995
-124.74
-127.662
-125.095
-129.271
-127.084
-127.884
-129.171
-129.414
-125.68
-127.823
-129.762
-123.879
-129.517
-126.01
-128.697
-131.855
-124.389
-123.748
-126.07
-126.72
-126.74
-124.255
-124.201
-126.562
-128.505
-125.107
-127.268
-126.611
-129.362
-130.102
-126.523
-123.405
-129.082
-133.621
-124.99
-130.046
-128.896
-130.116
-124.697
-129.767
-127.434
-130.284
-127.36
-128.022
-129.367
-128.985
-125.062
-127.122
-129.557
-132.361
-129.265
-130.933
-126.048
-125.925
-128.28
-128.253
-129.445
-130.421
-123.664
-131.069
-127.489
-128.958
-125.384
-126.753
-129.467
-132.342
-127.546
-129.731
-129.082
-133.621
-124.99
-130.046
-128.896
-130.116
-124.697
-129.767
-127.434
-130.284
-127.36
-128.022
-129.367
-128.985
-125.062
-127.122
-129.557
-132.361
-129.265
-130.933
-126.048
-125.925
-128.28
-128.253
-129.445
-130.421
-123.664
-131.069
-127.489
-128.958
-125.384
-126.753
-129.467
-132.342
-127.546
-129.731
-129.082
-133.621
-124.99
-130.046
-128.896
-130.116
-124.697
-129.767
-127.434
-130.284
-127.36
-128.022
-129.367
-128.985
-125.062
-127.122
-129.557
-132.361
-129.265
-130.933
-126.048
-125.925
-128.28
-128.253
-129.445
-130.421
-123.664
-131.069
-127.489
-128.958
-125.384
-126.753
-129.467
-132.342
-127.546
-129.731
-126.523
-127.305
-128.624
-126.016
-124.024
-125.772
-122.437
-125.943
-127.448
-128.128
-130.783
-127.416
-124.82
-125.984
-126.085
-120.593
-128.912
-131.084
-128.469
-125.672
-122.381
-131.612
-125.626
-123.88
-124.883
-128.253
-120.086
-131.657
-124.143
-123.785
-123.489
-124.265
-126.523
-125.357
-128.449
-121.06
-126.523
-127.305
-128.624
-126.016
-124.024
-125.772
-122.437
-125.943
-127.448
-128.128
-130.783
-127.416
-124.82
-125.984
-126.085
-120.593
-128.912
-131.084
-128.469
-125.672
-122.381
-131.612
-125.626
-123.88
-124.883
-128.253
-120.086
-131.657
-124.143
-123.785
-123.489
-124.265
-126.523
-125.357
-128.449
-121.06
-126.523
-127.305
-128.624
-126.016
-124.024
-125.772
-122.437
-125.943
-127.448
-128.128
-130.783
-127.416
-124.82
-125.984
-126.085
-120.593
-128.912
-131.084
-128.469
-125.672
-122.381
-131.612
-125.626
-123.88
-124.883
-128.253
-120.086
-131.657
-124.143
-123.785
-123.489
-124.265
-126.523
-125.357
-128.449
-121.06
-126.517
-129.353
-126.138
-125.569
-127.455
-126.669
-123.337
-126.581
-128.5
-127.712
-129.012
-124.422
-127.866
-125.681
-126.016
-123.776
-127.16
-126.047
-126.626
-125.421
-124.827
-126.35
-124.147
-123.944
-127.71
-125.961
-124.363
-127.396
-123.661
-125.288
-125.056
-123.557
-127.241
-127.606
-125.29
-126.065
-126.517
-129.353
-126.138
-125.569
-127.455
-126.669
-123.337
-126.581
-128.5
-127.712
-129.012
-124.422
-127.866
-125.681
-126.016
-123.776
-127.16
-126.047
-126.626
-125.421
-124.827
-126.35
-124.147
-123.944
-127.71
-125.961
-124.363
-127.396
-123.661
-125.288
-125.056
-123.557
-127.241
-127.606
-125.29
-126.065
-126.517
-129.353
-126.138
-125.569
-127.455
-126.669
-123.337
-126.581
-128.5
-127.712
-129.012
-124.422
-127.866
-125.681
-126.016
-123.776
-127.16
-126.047
-126.626
-125.421
-124.827
-126.35
-124.147
-123.944
-127.71
-125.961
-124.363
-127.396
-123.661
-125.288
-125.056
-123.557
-127.241
-127.606
-125.29
-126.065
-129.778
-131.496
-132.329
-128.806
-131.419
-132.49
-129.168
-129.956
-131.745
-126.916
-124.85
-127.333
-128.976
-129.532
-120.947
-123.631
-123.215
-129.695
-128.056
-128.971
-126.208
-128.388
-127.628
-125.011
-124.901
-129.266
-120.744
-131.967
-125.284
-126.709
-123.199
-127.016
-128.464
-133.272
-129.024
-129.174
-129.778
-131.496
-132.329
-128.806
-131.419
-132.49
-129.168
-129.956
-131.745
-126.916
-124.85
-127.333
-128.976
-129.532
-120.947
-123.631
-123.215
-129.695
-128.056
-128.971
-126.208
-128.388
-127.628
-125.011
-124.901
-129.266
-120.744
-131.967
-125.284
-126.709
-123.199
-127.016
-128.464
-133.272
-129.024
-129.174
-129.778
-131.496
-132.329
-128.806
-131.419
-132.49
-129.168
-129.956
-131.745
-126.916
-124.85
-127.333
-128.976
-129.532
-120.947
-123.631
-123.215
-129.695
-128.056
-128.971
-126.208
-128.388
-127.628
-125.011
-124.901
-129.266
-120.744
-131.967
-125.284
-126.709
-123.199
-127.016
-128.464
-133.272
-129.024
-129.174
-130.722
-133.358
-134.433
-132.143
-126.42
-130.01
-125.797
-130.839
-128.324
-126.249
-131.177
-133.056
-125.195
-128.638
-128.8
-126.956
-133.647
-128.269
-135.125
-133.362
-125.707
-131.155
-131.144
-131.399
-137.06
-127.319
-129.885
-137.657
-129.369
-128.107
-130.325
-132.714
-135.693
-131.25
-128.195
-130.128
-130.722
-133.358
-134.433
-132.143
-126.42
-130.01
-125.797
-130.839
-128.324
-126.249
-131.177
-133.056
-125.195
-128.638
-128.8
-126.956
-133.647
-128.269
-135.125
-133.362
-125.707
-131.155
-131.144
-131.399
-137.06
-127.319
-129.885
-137.657
-129.369
-128.107
-130.325
-132.714
-135.693
-131.25
-128.195
-130.128
-130.722
-133.358
-134.433
-132.143
-126.42
-130.01
-125.797
-130.839
-128.324
-126.249
-131.177
-133.056
-125.195
-128.638
-128.8
-126.956
-133.647
-128.269
-135.125
-133.362
-125.707
-131.155
-131.144
-131.399
-137.06
-127.319
-129.885
-137.657
-129.369
-128.107
-130.325
-132.714
-135.693
-131.25
-128.195
-130.128
-128.302
-139.537
-130.294
-135.323
-133.05
-133.125
-134.687
-131.612
-135.203
-135.758
-138.105
-135.316
-130.114
-133.325
-130.353
-130.19
-131.917
-134.768
-131.625
-134.051
-131.461
-135.561
-134.24
-132.004
-132.311
-130.532
-130.284
-134.221
-132.968
-130.87
-134.67
-131.496
-133.502
-134.227
-133.858
-132.494
-128.302
-139.537
-130.294
-135.323
-133.05
-133.125
-134.687
-131.612
-135.203
-135.758
-138.105
-135.316
-130.114
-133.325
-130.353
-130.19
-131.917
-134.768
-131.625
-134.051
-131.461
-135.561
-134.24
-132.004
-132.311
-130.532
-130.284
-134.221
-132.968
-130.87
-134.67
-131.496
-133.502
-134.227
-133.858
-132.494
-128.302
-139.537
-130.294
-135.323
-133.05
-133.125
-134.687
-131.612
-135.203
-135.758
-138.105
-135.316
-130.114
-133.325
-130.353
-130.19
-131.917
-134.768
-131.625
-134.051
-131.461
-135.561
-134.24
-132.004
-132.311
-130.532
-130.284
-134.221
-132.968
-130.87
-134.67
-131.496
-133.502
-134.227
-133.858
-132.494
-123.476
-130.137
-126.809
-126.806
-121.2
-130.328
-119.901
-127.604
-126.734
-128.116
-128.042
-129.872
-124.589
-127.813
-121.353
-125.835
-124.878
-128.505
-129.299
-130.374
-124.721
-122.836
-125.996
-128.063
-124.274
-126.997
-123.353
-129.844
-122.3
-128.881
-121.342
-127.327
-127.979
-128.155
-127.926
-126.548
-123.476
-130.137
-126.809
-126.806
-121.2
-130.328
-119.901
-127.604
-126.734
-128.116
-128.042
-129.872
-124.589
-127.813
-121.353
-125.835
-124.878
-128.505
-129.299
-130.374
-124.721
-122.836
-125.996
-128.063
-124.274
-126.997
-123.353
-129.844
-122.3
-128.881
-121.342
-127.327
-127.979
-128.155
-127.926
-126.548
-123.476
-130.137
-126.809
-126.806
-121.2
-130.328
-119.901
-127.604
-126.734
-128.116
-128.042
-129.872
-124.589
-127.813
-121.353
-125.835
-124.878
-128.505
-129.299
-130.374
-124.721
-122.836
-125.996
-128.063
-124.274
-126.997
-123.353
-129.844
-122.3
-128.881
-121.342
-127.327
-127.979
-128.155
-127.926
-126.548
-128.558
-127.191
-128.115
-134.253
-126.024
-127.849
-128.406
-134.594
-127.063
-130.728
-127.203
-138.052
-123.67
-128.894
-127.556
-132.247
-129.979
-130.844
-126.365
-132.7
-123.418
-129.996
-126.656
-130.832
-124.47
-129.801
-125.804
-133.213
-127.851
-125.259
-129.454
-134.28
-127.577
-130.773
-131.599
-134.669
-128.558
-127.191
-128.115
-134.253
-126.024
-127.849
-128.406
-134.594
-127.063
-130.728
-127.203
-138.052
-123.67
-128.894
-127.556
-132.247
-129.979
-130.844
-126.365
-132.7
-123.418
-129.996
-126.656
-130.832
-124.47
-129.801
-125.804
-133.213
-127.851
-125.259
-129.454
-134.28
-127.577
-130.773
-131.599
-134.669
-128.558
-127.191
-128.115
-134.253
-126.024
-127.849
-128.406
-134.594
-127.063
-130.728
-127.203
-138.052
-123.67
-128.894
-127.556
-132.247
-129.979
-130.844
-126.365
-132.7
-123.418
-129.996
-126.656
-130.832
-124.47
-129.801
-125.804
-133.213
-127.851
-125.259
-129.454
-134.28
-127.577
-130.773
-131.599
-134.669
-132.375
-132.1
-130.155
-130.614
-136.354
-130.242
-132.523
-132.13
-132.674
-130.489
-132.561
-131.989
-130.266
-132.012
-132.228
-131.041
-136.211
-129.813
-131.42
-132.227
-129.678
-133.566
-130.172
-131.964
-130.902
-129.522
-129.522
-133.645
-131.265
-130.872
-131.977
-131.726
-137.487
-131.989
-130.438
-133.7
-132.375
-132.1
-130.155
-130.614
-136.354
-130.242
-132.523
-132.13
-132.674
-130.489
-132.561
-131.989
-130.266
-132.012
-132.228
-131.041
-136.211
-129.813
-131.42
-132.227
-129.678
-133.566
-130.172
-131.964
-130.902
-129.522
-129.522
-133.645
-131.265
-130.872
-131.977
-131.726
-137.487
-131.989
-130.438
-133.7
-132.375
-132.1
-130.155
-130.614
-136.354
-130.242
-132.523
-132.13
-132.674
-130.489
-132.561
-131.989
-130.266
-132.012
-132.228
-131.041
-136.211
-129.813
-131.42
-132.227
-129.678
-133.566
-130.172
-131.964
-130.902
-129.522
-129.522
-133.645
-131.265
-130.872
-131.977
-131.726
-137.487
-131.989
-130.438
-133.7
-129.272
-129.073
-129.009
-131.131
-130.948
-129.718
-130.196
-132.145
-129.676
-134.322
-132.933
-131.998
-129.567
-128.28
-129.562
-131.524
-131.733
-129.776
-129.644
-131.572
-126.907
-132.405
-131.279
-134.441
-130.522
-127.522
-129.045
-135.674
-130.051
-130.682
-128.994
-132.23
-131.472
-134.042
-129.742
-134.98
-129.272
-129.073
-129.009
-131.131
-130.948
-129.718
-130.196
-132.145
-129.676
-134.322
-132.933
-131.998
-129.567
-128.28
-129.562
-131.524
-131.733
-129.776
-129.644
-131.572
-126.907
-132.405
-131.279
-134.441
-130.522
-127.522
-129.045
-135.674
-130.051
-130.682
-128.994
-132.23
-131.472
-134.042
-129.742
-134.98
-129.272
-129.073
-129.009
-131.131
-130.948
-129.718
-130.196
-132.145
-129.676
-134.322
-132.933
-131.998
-129.567
-128.28
-129.562
-131.524
-131.733
-129.776
-129.644
-131.572
-126.907
-132.405
-131.279
-134.441
-130.522
-127.522
-129.045
-135.674
-130.051
-130.682
-128.994
-132.23
-131.472
-134.042
-129.742
-134.98
-130.989
-130.5
-136.387
-131.785
-123.766
-132.261
-124.816
-125.368
-129.324
-125.53
-129.532
-128.444
-124.577
-129.754
-124.801
-126.322
-129.032
-126.139
-132.227
-131.296
-127.362
-124.739
-132.51
-127.1
-125.344
-124.364
-128.514
-132.218
-121.227
-127.945
-125.252
-131.083
-130.692
-125.705
-131.076
-121.635
-130.989
-130.5
-136.387
-131.785
-123.766
-132.261
-124.816
-125.368
-129.324
-125.53
-129.532
-128.444
-124.577
-129.754
-124.801
-126.322
-129.032
-126.139
-132.227
-131.296
-127.362
-124.739
-132.51
-127.1
-125.344
-124.364
-128.514
-132.218
-121.227
-127.945
-125.252
-131.083
-130.692
-125.705
-131.076
-121.635
-130.989
-130.5
-136.387
-131.785
-123.766
-132.261
-124.816
-125.368
-129.324
-125.53
-129.532
-128.444
-124.577
-129.754
-124.801
-126.322
-129.032
-126.139
-132.227
-131.296
-127.362
-124.739
-132.51
-127.1
-125.344
-124.364
-128.514
-132.218
-121.227
-127.945
-125.252
-131.083
-130.692
-125.705
-131.076
-121.635
-131.992
-134.631
-137.263
-136.564
-134.908
-132.498
-131.449
-137.749
-137.396
-129.303
-142.897
-138.196
-132.201
-132.075
-136.216
-133.601
-132.562
-135.887
-136.959
-135.195
-129.416
-131.543
-139.28
-141.224
-135.895
-134.576
-129.28
-136.604
-127.308
-128.445
-132.491
-134.701
-135.783
-130.389
-136.881
-138.673
-131.992
-134.631
-137.263
-136.564
-134.908
-132.498
-131.449
-137.749
-137.396
-129.303
-142.897
-138.196
-132.201
-132.075
-136.216
-133.601
-132.562
-135.887
-136.959
-135.195
-129.416
-131.543
-139.28
-141.224
-135.895
-134.576
-129.28
-136.604
-127.308
-128.445
-132.491
-134.701
-135.783
-130.389
-136.881
-138.673
-131.992
-134.631
-137.263
-136.564
-134.908
-132.498
-131.449
-137.749
-137.396
-129.303
-142.897
-138.196
-132.201
-132.075
-136.216
-133.601
-132.562
-135.887
-136.959
-135.195
-129.416
-131.543
-139.28
-141.224
-135.895
-134.576
-129.28
-136.604
-127.308
-128.445
-132.491
-134.701
-135.783
-130.389
-136.881
-138.673
-125.811
-129.75
-127.979
-127.3
-124.959
-129.279
-127.345
-129.599
-126.068
-132.218
-129.076
-128.801
-123.294
-130.667
-126.813
-126.941
-128.764
-132.247
-128.307
-132.826
-126.014
-131.477
-126.861
-127.963
-126.259
-128.122
-124.657
-131.848
-123.64
-131.906
-128.969
-130.418
-126.17
-134.568
-131.495
-129.439
-125.811
-129.75
-127.979
-127.3
-124.959
-129.279
-127.345
-129.599
-126.068
-132.218
-129.076
-128.801
-123.294
-130.667
-126.813
-126.941
-128.764
-132.247
-128.307
-132.826
-126.014
-131.477
-126.861
-127.963
-126.259
-128.122
-124.657
-131.848
-123.64
-131.906
-128.969
-130.418
-126.17
-134.568
-131.495
-129.439
-125.811
-129.75
-127.979
-127.3
-124.959
-129.279
-127.345
-129.599
-126.068
-132.218
-129.076
-128.801
-123.294
-130.667
-126.813
-126.941
-128.764
-132.247
-128.307
-132.826
-126.014
-131.477
-126.861
-127.963
-126.259
-128.122
-124.657
-131.848
-123.64
-131.906
-128.969
-130.418
-126.17
-134.568
-131.495
-129.439
-132.883
-130.173
-128.926
-129.268
-126.159
-130.92
-130.726
-131.542
-131.673
-126.821
-133.181
-129.925
-130.821
-129.14
-134.199
-128.266
-130.569
-123.529
-132.629
-130.184
-132.9
-127.099
-131.331
-131.847
-129.915
-122.046
-130.689
-135.74
-130.141
-126.6
-130.007
-127.319
-130.11
-124.253
-131.801
-123.048
-132.883
-130.173
-128.926
-129.268
-126.159
-130.92
-130.726
-131.542
-131.673
-126.821
-133.181
-129.925
-130.821
-129.14
-134.199
-128.266
-130.569
-123.529
-132.629
-130.184
-132.9
-127.099
-131.331
-131.847
-129.915
-122.046
-130.689
-135.74
-130.141
-126.6
-130.007
-127.319
-130.11
-124.253
-131.801
-123.048
-132.883
-130.173
-128.926
-129.268
-126.159
-130.92
-130.726
-131.542
-131.673
-126.821
-133.181
-129.925
-130.821
-129.14
-134.199
-128.266
-130.569
-123.529
-132.629
-130.184
-132.9
-127.099
-131.331
-131.847
-129.915
-122.046
-130.689
-135.74
-130.141
-126.6
-130.007
-127.319
-130.11
-124.253
-131.801
-123.048
-125.499
-128.205
-130.134
-129.12
-125.918
-131.496
-125.608
-131.716
-127.977
-131.147
-127.665
-129.648
-126.221
-127.011
-125.322
-127.623
-127.24
-131.983
-129.348
-130.938
-124.083
-129.547
-124.879
-130.137
-124.058
-125.478
-122.487
-133.494
-127.445
-128.935
-124.642
-131.8
-127.496
-131.517
-125.51
-131.87
-125.499
-128.205
-130.134
-129.12
-125.918
-131.496
-125.608
-131.716
-127.977
-131.147
-127.665
-129.648
-126.221
-127.011
-125.322
-127.623
-127.24
-131.983
-129.348
-130.938
-124.083
-129.547
-124.879
-130.137
-124.058
-125.478
-122.487
-133.494
-127.445
-128.935
-124.642
-131.8
-127.496
-131.517
-125.51
-131.87
-125.499
-128.205
-130.134
-129.12
-125.918
-131.496
-125.608
-131.716
-127.977
-131.147
-127.665
-129.648
-126.221
-127.011
-125.322
-127.623
-127.24
-131.983
-129.348
-130.938
-124.083
-129.547
-124.879
-130.137
-124.058
-125.478
-122.487
-133.494
-127.445
-128.935
-124.642
-131.8
-127.496
-131.517
-125.51
-131.87
-127.099
-128.641
-123.919
-127.891
-120.309
-125.941
-120.46
-129.266
-124.743
-130.666
-122.612
-128.485
-125.07
-126.131
-122.334
-124.888
-128.38
-125.44
-128.478
-131.4
-123.747
-127.121
-123.316
-126.238
-126.228
-121.864
-120.756
-131.616
-120.82
-123.681
-121.305
-127.284
-128.632
-130.284
-124.579
-127.962
-127.099
-128.641
-123.919
-127.891
-120.309
-125.941
-120.46
-129.266
-124.743
-130.666
-122.612
-128.485
-125.07
-126.131
-122.334
-124.888
-128.38
-125.44
-128.478
-131.4
-123.747
-127.121
-123.316
-126.238
-126.228
-121.864
-120.756
-131.616
-120.82
-123.681
-121.305
-127.284
-128.632
-130.284
-124.579
-127.962
-127.099
-128.641
-123.919
-127.891
-120.309
-125.941
-120.46
-129.266
-124.743
-130.666
-122.612
-128.485
-125.07
-126.131
-122.334
-124.888
-128.38
-125.44
-128.478
-131.4
-123.747
-127.121
-123.316
-126.238
-126.228
-121.864
-120.756
-131.616
-120.82
-123.681
-121.305
-127.284
-128.632
-130.284
-124.579
-127.962
-129.065
-128.466
-127.771
-127.407
-125.813
-129.05
-126.434
-129.213
-128.822
-129.39
-129.231
-131.6
-126.253
-128.995
-124.36
-126.291
-132.401
-130.808
-127.457
-131.081
-128.005
-130.108
-127.775
-125.99
-127.645
-125.303
-126.151
-131.77
-129.061
-123.668
-128.873
-127.087
-127.921
-130.848
-127.496
-127.226
-129.065
-128.466
-127.771
-127.407
-125.813
-129.05
-126.434
-129.213
-128.822
-129.39
-129.231
-131.6
-126.253
-128.995
-124.36
-126.291
-132.401
-130.808
-127.457
-131.081
-128.005
-130.108
-127.775
-125.99
-127.645
-125.303
-126.151
-131.77
-129.061
-123.668
-128.873
-127.087
-127.921
-130.848
-127.496
-127.226
-129.065
-128.466
-127.771
-127.407
-125.813
-129.05
-126.434
-129.213
-128.822
-129.39
-129.231
-131.6
-126.253
-128.995
-124.36
-126.291
-132.401
-130.808
-127.457
-131.081
-128.005
-130.108
-127.775
-125.99
-127.645
-125.303
-126.151
-131.77
-129.061
-123.668
-128.873
-127.087
-127.921
-130.848
-127.496
-127.226
-138.773
-138.385
-134.737
-137.488
-134.778
-136.146
-138.796
-134.502
-135.696
-139.284
-140.343
-137.688
-136.001
-135.135
-136.887
-134.569
-137.966
-137.036
-135.764
-135.712
-134.202
-133.962
-138.062
-136.458
-137.1
-135.657
-133.52
-141.276
-135.903
-138.491
-136.401
-135.693
-135.511
-138.889
-135.575
-138.494
-138.773
-138.385
-134.737
-137.488
-134.778
-136.146
-138.796
-134.502
-135.696
-139.284
-140.343
-137.688
-136.001
-135.135
-136.887
-134.569
-137.966
-137.036
-135.764
-135.712
-134.202
-133.962
-138.062
-136.458
-137.1
-135.657
-133.52
-141.276
-135.903
-138.491
-136.401
-135.693
-135.511
-138.889
-135.575
-138.494
-138.773
-138.385
-134.737
-137.488
-134.778
-136.146
-138.796
-134.502
-135.696
-139.284
-140.343
-137.688
-136.001
-135.135
-136.887
-134.569
-137.966
-137.036
-135.764
-135.712
-134.202
-133.962
-138.062
-136.458
-137.1
-135.657
-133.52
-141.276
-135.903
-138.491
-136.401
-135.693
-135.511
-138.889
-135.575
-138.494
-127.751
-129.971
-129.341
-133.392
-130.086
-129.709
-130.66
-134.948
-132.289
-133.66
-132.12
-135.658
-130.335
-130.606
-131.064
-133.042
-131.974
-131.575
-131.048
-136.629
-131.351
-130.544
-130.923
-133.833
-133.453
-130.788
-125.708
-134.055
-129.914
-129.018
-123.057
-130.386
-134.28
-135.013
-130.694
-137.18
-127.751
-129.971
-129.341
-133.392
-130.086
-129.709
-130.66
-134.948
-132.289
-133.66
-132.12
-135.658
-130.335
-130.606
-131.064
-133.042
-131.974
-131.575
-131.048
-136.629
-131.351
-130.544
-130.923
-133.833
-133.453
-130.788
-125.708
-134.055
-129.914
-129.018
-123.057
-130.386
-134.28
-135.013
-130.694
-137.18
-127.751
-129.971
-129.341
-133.392
-130.086
-129.709
-130.66
-134.948
-132.289
-133.66
-132.12
-135.658
-130.335
-130.606
-131.064
-133.042
-131.974
-131.575
-131.048
-136.629
-131.351
-130.544
-130.923
-133.833
-133.453
-130.788
-125.708
-134.055
-129.914
-129.018
-123.057
-130.386
-134.28
-135.013
-130.694
-137.18
-126.988
-131.154
-134.438
-130.836
-127.762
-130.101
-135.109
-130.228
-132.417
-133.343
-135.338
-130.531
-127.321
-126.358
-128.925
-128.601
-130.931
-132.377
-136.975
-130.458
-126.807
-135.178
-134.667
-128.701
-125.11
-129.998
-127.557
-135.754
-124.408
-135.776
-131.654
-130.576
-126.971
-137.39
-137.583
-130.304
-126.988
-131.154
-134.438
-130.836
-127.762
-130.101
-135.109
-130.228
-132.417
-133.343
-135.338
-130.531
-127.321
-126.358
-128.925
-128.601
-130.931
-132.377
-136.975
-130.458
-126.807
-135.178
-134.667
-128.701
-125.11
-129.998
-127.557
-135.754
-124.408
-135.776
-131.654
-130.576
-126.971
-137.39
-137.583
-130.304
-126.988
-131.154
-134.438
-130.836
-127.762
-130.101
-135.109
-130.228
-132.417
-133.343
-135.338
-130.531
-127.321
-126.358
-128.925
-128.601
-130.931
-132.377
-136.975
-130.458
-126.807
-135.178
-134.667
-128.701
-125.11
-129.998
-127.557
-135.754
-124.408
-135.776
-131.654
-130.576
-126.971
-137.39
-137.583
-130.304
-137.629
-136.351
-137.865
-133.42
-133.587
-139.011
-132.212
-134.391
-138.483
-134.456
-134.829
-137.829
-130.841
-136.871
-138.444
-132.292
-135.548
-134.135
-132.791
-131.784
-137.233
-137.053
-134.191
-137.642
-132.957
-132.802
-133.764
-137.629
-136.351
-137.865
-133.42
-133.587
-139.011
-132.212
-134.391
-138.483
-134.456
-134.829
-137.829
-130.841
-136.871
-138.444
-132.292
-135.548
-134.135
-132.791
-131.784
-137.233
-137.053
-134.191
-137.642
-132.957
-132.802
-133.764
-137.629
-136.351
-137.865
-133.42
-133.587
-139.011
-132.212
-134.391
-138.483
-134.456
-134.829
-137.829
-130.841
-136.871
-138.444
-132.292
-135.548
-134.135
-132.791
-131.784
-137.233
-137.053
-134.191
-137.642
-132.957
-132.802
-133.764
-119.491
-126.842
-127.649
-125.191
-121.763
-124.121
-125.158
-128.72
-124.797
-128.673
-128.443
-127.569
-121.794
-123.778
-123.328
-126.775
-127.823
-133.963
-125.1
-131.385
-122.792
-130.332
-124.228
-130.174
-125.579
-124.579
-123.594
-126.777
-121.757
-125.019
-122.147
-124.141
-127.405
-128.448
-127.12
-123.888
-119.491
-126.842
-127.649
-125.191
-121.763
-124.121
-125.158
-128.72
-124.797
-128.673
-128.443
-127.569
-121.794
-123.778
-123.328
-126.775
-127.823
-133.963
-125.1
-131.385
-122.792
-130.332
-124.228
-130.174
-125.579
-124.579
-123.594
-126.777
-121.757
-125.019
-122.147
-124.141
-127.405
-128.448
-127.12
-123.888
-119.491
-126.842
-127.649
-125.191
-121.763
-124.121
-125.158
-128.72
-124.797
-128.673
-128.443
-127.569
-121.794
-123.778
-123.328
-126.775
-127.823
-133.963
-125.1
-131.385
-122.792
-130.332
-124.228
-130.174
-125.579
-124.579
-123.594
-126.777
-121.757
-125.019
-122.147
-124.141
-127.405
-128.448
-127.12
-123.888
-127.076
-130.805
-130.181
-134.239
-127.242
-131.312
-129.505
-134.392
-126.203
-137.087
-132.004
-132.763
-126.161
-132.38
-128.654
-130.259
-128.982
-129.855
-130.649
-136.889
-123.584
-129.169
-132.012
-131.9
-127.715
-130.87
-129.348
-138.289
-125.935
-131.553
-133.093
-135.633
-130.914
-138.833
-133.933
-132.274
-127.076
-130.805
-130.181
-134.239
-127.242
-131.312
-129.505
-134.392
-126.203
-137.087
-132.004
-132.763
-126.161
-132.38
-128.654
-130.259
-128.982
-129.855
-130.649
-136.889
-123.584
-129.169
-132.012
-131.9
-127.715
-130.87
-129.348
-138.289
-125.935
-131.553
-133.093
-135.633
-130.914
-138.833
-133.933
-132.274
-127.076
-130.805
-130.181
-134.239
-127.242
-131.312
-129.505
-134.392
-126.203
-137.087
-132.004
-132.763
-126.161
-132.38
-128.654
-130.259
-128.982
-129.855
-130.649
-136.889
-123.584
-129.169
-132.012
-131.9
-127.715
-130.87
-129.348
-138.289
-125.935
-131.553
-133.093
-135.633
-130.914
-138.833
-133.933
-132.274
-128.51
-133.053
-128.437
-129.704
-123.968
-130.292
-129.884
-131.638
-125.482
-129.645
-126.357
-131.676
-128.987
-128.482
-127.209
-129.054
-127.203
-131.774
-124.941
-131.71
-127.999
-128.756
-125.552
-129.84
-128.27
-126.718
-123.016
-130.933
-127.569
-126.759
-124.017
-131.417
-130.786
-130.606
-128.462
-132.405
-128.51
-133.053
-128.437
-129.704
-123.968
-130.292
-129.884
-131.638
-125.482
-129.645
-126.357
-131.676
-128.987
-128.482
-127.209
-129.054
-127.203
-131.774
-124.941
-131.71
-127.999
-128.756
-125.552
-129.84
-128.27
-126.718
-123.016
-130.933
-127.569
-126.759
-124.017
-131.417
-130.786
-130.606
-128.462
-132.405
-128.51
-133.053
-128.437
-129.704
-123.968
-130.292
-129.884
-131.638
-125.482
-129.645
-126.357
-131.676
-128.987
-128.482
-127.209
-129.054
-127.203
-131.774
-124.941
-131.71
-127.999
-128.756
-125.552
-129.84
-128.27
-126.718
-123.016
-130.933
-127.569
-126.759
-124.017
-131.417
-130.786
-130.606
-128.462
-132.405
