-119.307
-119.209
-122.049
-124.917
-121.33
-120.026
-123.576
-119.708
-124.783
-122.153
-122.992
-125.024
-122.763
-122.409
-126.128
-121.779
-121.938
-124.351
-122.241
-122.022
-123.624
-121.547
-122.309
-121.471
-121.341
-120.173
-119.35
-124.843
-125.243
-122.993
-122.248
-126.462
-125.192
-126.596
-126.19
-127.259
-119.016
-119.451
-121.631
-124.842
-121.289
-119.938
-123.876
-119.731
-124.492
-122.283
-122.924
-125.038
-122.89
-122.553
-126.065
-121.944
-121.867
-124.372
-122.167
-121.87
-123.441
-121.636
-121.929
-121.616
-121.198
-120.183
-118.994
-124.759
-125.323
-123.393
-122.175
-126.067
-125.104
-126.297
-126.174
-127.287
-118.797
-118.964
-121.758
-124.781
-121.106
-119.792
-123.497
-119.965
-124.325
-122.445
-123.002
-125.12
-122.529
-122.448
-126.131
-122.058
-121.903
-124.248
-121.956
-121.533
-123.473
-121.449
-121.979
-121.455
-121.018
-119.975
-118.847
-124.635
-125.05
-122.877
-121.978
-125.91
-125.106
-126.315
-126.103
-127.109
-122.248
-119.432
-119.598
-116.001
-122.08
-116.363
-122.764
-119.917
-123.589
-121.222
-125.591
-121.549
-119.499
-122.665
-122.606
-122.222
-122.167
-121.91
-124.346
-122.558
-125.212
-120.523
-121.54
-121.739
-120.199
-121.377
-121.638
-119.238
-120.917
-118.875
-117.363
-124.922
-119.347
-127.331
-119.066
-120.727
-121.996
-119.465
-119.125
-115.698
-122.277
-116.063
-123.024
-119.626
-123.425
-121.48
-125.541
-121.547
-119.731
-122.502
-122.677
-121.819
-121.81
-121.804
-124.188
-122.646
-124.846
-120.388
-121.498
-121.736
-120.046
-121.413
-121.446
-119.248
-120.816
-118.67
-117.248
-124.878
-119.125
-127.447
-118.842
-120.584
-121.492
-119.5
-119.127
-115.672
-122.213
-115.84
-122.912
-119.57
-122.963
-121.274
-125.179
-121.287
-119.418
-122.585
-122.504
-122.001
-121.704
-121.604
-124.352
-122.056
-124.468
-120.466
-121.273
-121.739
-119.744
-121.097
-121.022
-119.104
-120.618
-118.774
-117.095
-124.485
-119.175
-127.302
-119.086
-120.395
-118.944
-119.662
-120.324
-117.768
-120.063
-119.213
-122.5
-121.541
-121.983
-121.116
-120.84
-121.591
-121.168
-121.282
-126.633
-121.566
-123.764
-119.138
-120.802
-120.302
-122.022
-117.972
-122.245
-120.153
-119.761
-116.596
-119.451
-121.123
-121.495
-120.093
-119.001
-122.034
-119.883
-120.244
-120.962
-122.386
-118.783
-119.227
-119.56
-117.26
-119.771
-119.032
-122.036
-121.136
-121.764
-121.047
-120.236
-120.834
-120.799
-120.808
-126.209
-120.937
-123.43
-118.566
-120.465
-119.95
-121.361
-117.172
-121.469
-119.824
-118.785
-116.054
-118.933
-120.495
-121.211
-119.583
-118.832
-121.673
-119.348
-119.894
-120.673
-122.059
-118.352
-119.29
-119.796
-117.382
-120.059
-119.233
-122.392
-121.329
-121.559
-120.929
-119.831
-121.247
-120.878
-121.145
-126.373
-121.582
-123.153
-118.789
-120.347
-119.667
-121.267
-117.652
-121.473
-119.709
-119.246
-116.28
-118.684
-120.749
-121.188
-119.592
-118.811
-121.376
-119.342
-119.671
-120.65
-121.985
-118.7
-117.087
-117.122
-117.867
-118.91
-117.016
-118.89
-118.064
-119.06
-121.211
-119.154
-119.03
-122.35
-118.195
-122.661
-121.341
-121.167
-121.121
-119.156
-116.279
-118.025
-117.431
-118.382
-117.772
-116.618
-119.774
-118.325
-118.162
-127.16
-124.859
-120.888
-118.041
-126.832
-123.999
-119.024
-118.933
-117.128
-116.84
-117.712
-118.924
-116.854
-119.297
-118.043
-118.868
-121.694
-119.222
-118.914
-122.896
-118.331
-122.632
-121.191
-121.413
-121.09
-119.145
-116.534
-118.217
-117.275
-118.46
-117.781
-116.677
-119.826
-118.36
-118.335
-127.147
-124.795
-120.679
-118.057
-126.727
-123.81
-118.986
-118.746
-117.145
-116.92
-117.936
-119.01
-117.172
-119.407
-118.033
-118.902
-121.495
-119.139
-118.853
-122.593
-118.41
-122.685
-121.532
-121.089
-120.894
-118.963
-116.042
-118.024
-117.347
-118.112
-117.568
-116.538
-119.64
-118.122
-118.277
-127.204
-124.789
-120.793
-118.012
-126.487
-123.824
-118.962
-117.382
-115.248
-116.676
-121.153
-117.56
-117.385
-116.84
-116.651
-119.621
-116.671
-119.155
-119.823
-117.463
-119.638
-119.28
-118.874
-118.772
-118.428
-120.461
-117.247
-121.607
-117.633
-119.019
-118.58
-118.39
-117.596
-120.337
-121.393
-120.388
-119.146
-117.802
-119.295
-121.804
-119.459
-117.007
-118.731
-117.225
-115.284
-116.194
-121.323
-117.435
-116.937
-116.666
-116.505
-119.341
-116.765
-119.221
-119.738
-117.561
-119.639
-119.409
-118.903
-118.516
-118.513
-120.046
-116.839
-121.128
-117.073
-118.285
-117.913
-117.402
-117.043
-120.103
-121.016
-119.711
-118.151
-117.569
-118.677
-121.298
-119.089
-116.246
-118.194
-117.253
-115.334
-116.473
-121.335
-117.573
-117.194
-116.836
-116.566
-119.317
-116.463
-118.914
-119.395
-117.08
-119.381
-119.008
-118.828
-118.271
-118.131
-120.093
-117.091
-121.15
-117.39
-118.344
-118.068
-117.736
-117.412
-119.879
-121.012
-119.822
-118.298
-117.478
-118.903
-121.58
-118.986
-116.433
-118.299
-119.349
-117.005
-121.456
-116.513
-120.4
-118.963
-119.85
-119.637
-121.116
-121.608
-122.713
-123.417
-120.275
-121.955
-126.095
-120.935
-120.56
-122.511
-123.039
-120.507
-123.026
-122.247
-126.232
-125.336
-124.889
-118.383
-124.989
-119.475
-117.26
-121.261
-116.624
-120.691
-118.958
-120.078
-119.765
-121.17
-121.861
-122.628
-122.89
-120.277
-121.562
-125.858
-120.852
-120.192
-122.236
-122.924
-120.345
-122.932
-121.958
-125.843
-125.01
-124.567
-118.297
-124.755
-119.128
-116.981
-121.536
-116.782
-120.73
-118.932
-119.967
-119.843
-120.839
-121.845
-122.405
-123.266
-119.962
-121.842
-126.311
-120.81
-120.118
-122.732
-123.07
-120.222
-122.782
-121.842
-125.921
-125.179
-124.868
-118.354
-124.699
-116.663
-117.578
-116.397
-116.571
-118.955
-114.186
-116.551
-115.888
-120.165
-119.077
-115.187
-115.456
-118.32
-120.622
-120.961
-116.966
-121.847
-122.161
-121.571
-117.276
-119.827
-115.642
-118.738
-119.179
-116.073
-115.808
-119.757
-116.834
-118.781
-119.132
-120.626
-119.326
-116.67
-120.517
-118.698
-120.985
-116.689
-117.551
-116.342
-116.431
-119.143
-114.178
-116.397
-115.927
-120.204
-119.283
-115.081
-115.499
-118.637
-120.585
-120.893
-116.851
-121.595
-122.004
-121.458
-117.281
-119.534
-115.308
-118.557
-119.146
-115.81
-115.87
-119.494
-116.868
-119.078
-119.064
-120.64
-119.379
-116.692
-120.605
-118.542
-120.883
-116.724
-117.556
-116.358
-116.494
-119.238
-114.238
-116.614
-115.954
-120.105
-119.456
-115.304
-115.626
-118.571
-120.647
-121.231
-117.097
-121.722
-122.328
-121.451
-117.049
-119.743
-115.664
-118.716
-119.215
-115.933
-115.784
-119.843
-116.953
-119.071
-119.164
-120.731
-119.523
-116.844
-120.708
-118.826
-121.208
-119.177
-126.767
-122.492
-119.819
-128.925
-121.642
-122.615
-119.77
-125.904
-123.877
-121.21
-123.216
-123.55
-121.213
-125.903
-127.419
-127.068
-125.319
-124.128
-118.349
-121.824
-120.261
-120.883
-122.722
-120.137
-119.453
-124.301
-122.519
-122.243
-126.174
-123.044
-123.75
-120.49
-121.924
-121.01
-121.652
-119.325
-126.915
-122.117
-120.048
-128.767
-121.794
-122.79
-119.481
-125.922
-123.888
-121.053
-122.539
-123.501
-120.966
-125.634
-127.324
-127.001
-124.65
-124.012
-118.122
-121.917
-120.155
-120.654
-122.614
-120.177
-119.339
-124.313
-122.452
-122.269
-126.195
-123.214
-123.542
-120.117
-122.076
-120.673
-121.461
-118.912
-126.626
-122.308
-119.538
-129.402
-121.757
-122.869
-119.66
-125.893
-124.19
-120.798
-123.055
-123.633
-121.161
-126.02
-127.542
-126.801
-125.065
-124.236
-118.15
-121.868
-120.388
-120.398
-122.481
-120.075
-119.131
-123.847
-122.589
-122.382
-126.058
-122.925
-123.752
-120.328
-122.246
-120.831
-121.329
-124.717
-123.002
-125.957
-122.368
-125.165
-121.688
-124.645
-120.773
-125.841
-127.891
-124.542
-124.16
-125.954
-124.962
-125.419
-122.5
-122.907
-122.814
-121.162
-121.068
-127.813
-122.654
-121.33
-121.354
-124.543
-121.378
-124.244
-122.905
-123.288
-120.752
-119.842
-120.09
-120.422
-123.658
-118.406
-123.356
-124.662
-122.912
-125.276
-121.998
-125.319
-121.422
-124.68
-120.298
-125.655
-127.366
-124.266
-123.469
-125.485
-125.008
-124.934
-122.032
-122.723
-122.389
-121.152
-121.485
-127.714
-122.659
-121.492
-121.537
-124.602
-121
-124.551
-122.573
-122.496
-120.548
-119.698
-119.454
-120.093
-122.885
-118.036
-122.849
-124.278
-122.532
-125.602
-122.202
-124.954
-121.556
-124.116
-120.45
-125.602
-127.138
-124.351
-123.492
-125.428
-124.697
-124.994
-122.373
-122.417
-122.129
-120.752
-121.073
-127.39
-122.224
-121.039
-121.259
-124.112
-120.834
-123.889
-122.56
-122.744
-120.41
-119.861
-119.496
-120.184
-123.189
-118.216
-123.098
-118.69
-118.411
-119.79
-119.025
-119.449
-117.334
-120.265
-118.273
-122.25
-118.817
-120.536
-121.631
-124.401
-120.675
-121.852
-122.128
-123.081
-122.105
-118.616
-117.584
-121.557
-118.612
-120.271
-120.129
-120.959
-121.276
-122.935
-118.973
-122.211
-117.774
-120.782
-121.511
-122.269
-120.995
-120.817
-122.458
-118.729
-118.289
-119.643
-118.815
-119.245
-117.252
-120.143
-118.089
-122.3
-118.814
-120.234
-121.003
-124.378
-120.215
-121.684
-121.542
-122.617
-121.748
-118.519
-117.44
-121.245
-118.333
-119.836
-120.002
-120.787
-120.9
-122.62
-118.719
-122.115
-117.449
-120.648
-121.583
-122.068
-120.997
-120.562
-122.284
-118.473
-118.378
-119.753
-118.938
-119.614
-117.514
-120.039
-118.248
-122.158
-118.586
-119.892
-121.263
-124.354
-120.276
-121.776
-121.711
-122.65
-121.826
-118.761
-117.115
-121.177
-118.531
-119.826
-120.019
-120.86
-120.878
-121.976
-118.653
-121.935
-117.386
-120.316
-121.371
-122.282
-120.806
-120.699
-122.214
-117.969
-117.456
-117.502
-116.622
-119.997
-117.494
-118.366
-115.618
-121.058
-119.767
-119.323
-119.846
-118.348
-118.338
-120.711
-117.286
-116.372
-115.918
-118.465
-116.36
-117.422
-115.683
-117.581
-116.478
-116.285
-115.064
-116.641
-117.788
-117.914
-120.439
-114.034
-123.224
-117.236
-121.604
-119.432
-119.016
-118.607
-117.897
-117.819
-117.017
-120.203
-117.858
-119.13
-115.97
-121.812
-120.198
-119.625
-120.051
-118.86
-118.574
-121.348
-117.457
-116.672
-116.356
-118.911
-116.434
-117.81
-115.726
-117.824
-116.836
-116.395
-115.071
-116.958
-117.421
-117.599
-120.034
-113.718
-123.458
-116.989
-121.066
-118.882
-118.786
-118.224
-117.645
-117.57
-116.832
-120.2
-117.672
-118.703
-115.775
-121.451
-120.106
-119.316
-119.739
-118.514
-118.392
-121.083
-117.38
-116.375
-116.068
-118.595
-115.95
-117.13
-115.509
-117.458
-116.493
-116.3
-114.809
-116.42
-117.779
-117.988
-120.465
-113.934
-123.403
-117.249
-121.49
-119.496
-119.242
-116.872
-114.232
-115.517
-114.934
-116.697
-116.223
-115.701
-115.701
-117.674
-114.322
-115.213
-115.488
-114.558
-116.038
-115.09
-116.8
-116.546
-118.232
-117.609
-115.125
-118.004
-116.717
-117.539
-115.36
-113.784
-114.885
-118.032
-116.684
-116.764
-116.364
-115.887
-118.808
-116.338
-120.809
-115.904
-117.407
-116.846
-114.075
-115.185
-114.556
-116.591
-115.817
-115.708
-115.976
-117.723
-114.228
-114.79
-115.049
-114.286
-116.261
-114.884
-116.312
-116.213
-117.832
-117.113
-114.906
-117.502
-116.18
-117.051
-115.217
-113.564
-114.662
-117.995
-116.66
-116.576
-116.67
-115.949
-118.646
-116.081
-120.795
-116.138
-117.294
-116.864
-114.408
-115.409
-114.918
-116.897
-115.998
-115.83
-116.126
-117.945
-114.333
-114.607
-115.406
-114.341
-116.14
-115.002
-116.68
-116.336
-118.009
-117.569
-114.883
-117.758
-116.562
-117.103
-115.325
-113.519
-114.792
-117.716
-116.479
-116.728
-116.248
-115.938
-118.679
-116.28
-120.889
-115.986
-117.233
-120.195
-120.561
-121.491
-119.408
-117.741
-117.56
-119.558
-117.076
-119.146
-121.301
-121.677
-121.958
-120.95
-122.171
-122.219
-120.721
-120.216
-120.498
-121.731
-121.072
-122.45
-120.821
-121.157
-121.034
-118.207
-120.721
-120.549
-120.455
-124.239
-127.988
-121.981
-123.53
-124.783
-124.215
-122.298
-123.776
-120.095
-120.592
-121.172
-119.214
-117.596
-117.479
-119.594
-117.174
-119.239
-121.527
-121.429
-121.85
-121.055
-122.075
-121.963
-120.588
-120.351
-120.224
-122.064
-121.232
-122.452
-120.404
-121.12
-121.365
-117.925
-120.47
-120.397
-120.359
-124.04
-127.721
-121.813
-123.268
-124.39
-123.823
-121.859
-123.511
-119.927
-120.47
-120.969
-119.146
-117.61
-117.341
-119.537
-117.17
-119.162
-121.492
-120.987
-121.76
-120.768
-122.155
-122.08
-120.477
-119.898
-120.113
-122.255
-120.633
-122.192
-120.566
-120.963
-121.123
-118.057
-120.796
-119.938
-120.265
-123.968
-127.53
-121.832
-123.159
-124.541
-123.912
-122.169
-123.335
-122.137
-121.06
-123.12
-124.349
-123.609
-117.796
-118.532
-117.181
-117.869
-121.719
-122.005
-122.248
-121.918
-119.278
-124.057
-118.105
-119.733
-124.821
-119.424
-122.136
-121.644
-119.092
-120.527
-120.239
-119.686
-121.028
-124.274
-121.302
-123.702
-122.533
-122.077
-123.185
-121.29
-121.497
-122.271
-121.98
-121.44
-120.446
-121.97
-123.793
-123.069
-117.341
-118.054
-116.33
-117.48
-121.019
-121.358
-121.521
-121.201
-118.744
-123.283
-117.346
-119.24
-124.152
-119.142
-121.668
-121.267
-118.808
-119.999
-119.913
-119.105
-120.71
-123.777
-120.39
-123.163
-121.991
-121.641
-122.822
-120.589
-121.37
-121.213
-121.765
-121.334
-120.493
-122.634
-123.886
-123.028
-117.459
-118.056
-116.466
-117.345
-121.073
-120.935
-121.273
-121.105
-118.58
-123.403
-117.42
-119.117
-124.095
-118.963
-121.646
-121.249
-118.739
-119.956
-119.878
-119.238
-120.56
-123.436
-120.558
-123.039
-121.872
-121.518
-122.757
-120.895
-121.396
-121.641
-121.596
-121.582
-124.344
-121.632
-121.142
-123.077
-120.99
-123.349
-120.503
-124.864
-120.775
-118.487
-120.244
-122.844
-118.018
-122.912
-120.943
-120.589
-121.947
-124.855
-122.555
-123.569
-120.652
-122.506
-122.436
-122.423
-120.647
-120.278
-118.744
-120.445
-120.403
-121.138
-124.186
-122.511
-122.376
-122.827
-121.293
-121.252
-124.317
-121.474
-120.798
-122.561
-120.348
-123.727
-120.617
-125.048
-120.7
-118.353
-120.176
-122.544
-117.863
-122.822
-120.768
-120.546
-121.87
-124.467
-121.913
-123.186
-120.052
-122.071
-122.08
-121.908
-120.542
-120.129
-118.649
-120.489
-120.167
-120.883
-124.248
-122.178
-122.035
-122.697
-120.893
-121.882
-124.854
-122.043
-121.258
-123.468
-121.086
-124.354
-121.012
-125.451
-120.984
-118.091
-120.6
-122.847
-118.005
-123.163
-120.898
-120.616
-122.15
-125.211
-122.938
-124.007
-120.809
-122.972
-122.67
-122.71
-120.961
-120.677
-118.953
-120.803
-120.654
-121.159
-124.427
-122.59
-122.561
-122.986
-121.468
-121.329
-121.288
-121.959
-119.192
-124.852
-119.346
-122.021
-120.111
-122.129
-118.825
-123.966
-123.209
-120.762
-120.797
-121.295
-121.083
-118.707
-122.717
-122.201
-118.931
-123.12
-120.561
-118.73
-119.659
-119.097
-122.778
-121.142
-122.061
-119.335
-119.818
-117.663
-122.426
-119.762
-122.47
-119.506
-119.017
-121.259
-121.597
-121.554
-118.946
-124.939
-119.317
-121.936
-120.057
-122.115
-119.027
-123.856
-122.691
-120.823
-120.64
-121.177
-120.832
-118.634
-122.501
-122.196
-118.937
-123.095
-119.961
-118.79
-119.496
-118.903
-122.437
-121.079
-122.175
-119.262
-119.733
-117.767
-122.264
-119.526
-122.62
-119.638
-118.983
-120.794
-121.371
-121.58
-118.904
-124.89
-119.267
-121.634
-120.225
-121.755
-118.893
-123.543
-123.052
-120.488
-120.806
-121.331
-121.27
-118.585
-122.474
-122.047
-118.578
-123.117
-120.483
-118.639
-119.663
-119.098
-122.55
-120.745
-122.195
-119.367
-119.799
-117.823
-122.491
-119.819
-122.761
-119.593
-119.288
-119.363
-119.243
-123.186
-123.223
-118.853
-117.341
-123.63
-121.044
-118.646
-122.298
-119.969
-123.48
-124.284
-120.738
-122.8
-118.16
-123.303
-122.039
-121.178
-118.007
-122.095
-117.551
-119.838
-122.452
-114.636
-119.971
-120.213
-124.058
-120.202
-122.128
-119.803
-121.379
-119.799
-122.746
-119.77
-120.5
-119.156
-119.133
-122.103
-122.805
-118.503
-116.411
-123.456
-120.83
-118.279
-122.053
-119.621
-123.212
-123.818
-120.419
-122.5
-117.697
-122.806
-121.803
-120.872
-117.711
-121.509
-117.103
-119.298
-122.129
-114.37
-119.56
-119.624
-123.405
-119.886
-121.687
-119.561
-120.341
-119.079
-122.311
-119.278
-119.96
-118.598
-119.255
-122.843
-123.098
-118.685
-117.184
-123.509
-121.066
-118.478
-122.021
-119.457
-123.161
-123.842
-120.331
-122.297
-117.984
-122.843
-121.855
-120.985
-117.813
-121.737
-117.367
-119.629
-122.085
-114.507
-119.765
-119.949
-123.09
-120.005
-121.827
-119.679
-120.592
-119.432
-122.546
-119.543
-119.978
-115.494
-116.945
-117.684
-117.381
-117.564
-116.128
-117.786
-118.91
-118.837
-124.143
-120.293
-121.033
-117.737
-121.276
-122.434
-119.6
-120.581
-122.268
-121.134
-119.176
-121.443
-117.366
-123.683
-123.653
-123.465
-122.164
-120.426
-123.922
-121.486
-122.616
-117.516
-119.617
-118.906
-119.549
-117.829
-117.229
-115.558
-117.023
-117.645
-117.239
-117.53
-115.967
-117.794
-118.968
-118.861
-124.215
-120.192
-120.756
-117.84
-121.164
-122.506
-119.641
-120.639
-122.132
-121.249
-119.113
-121.331
-117.052
-123.702
-123.67
-123.42
-122.377
-120.463
-124.122
-121.379
-122.888
-117.675
-119.729
-119.002
-119.541
-118.084
-117.069
-115.555
-117.031
-117.654
-117.337
-117.575
-116.138
-117.853
-119.022
-119.055
-124.484
-119.947
-121.195
-117.697
-121.3
-122.415
-119.64
-120.511
-122.115
-121.156
-118.873
-121.328
-117.345
-123.784
-123.771
-123.417
-122.417
-120.541
-124.159
-121.572
-122.738
-117.603
-119.787
-118.92
-119.664
-117.968
-117.134
-119.006
-119.277
-123.623
-120.255
-123.95
-119.179
-123.392
-122.182
-123.089
-120.812
-120.471
-121.581
-121.089
-123.708
-123.812
-120.78
-122.898
-119.002
-123.079
-119.541
-119.111
-118.557
-121.755
-122.549
-118.775
-119.109
-118.632
-123.606
-123.227
-121.954
-119.706
-122.372
-121.088
-123.878
-122.177
-120.864
-118.899
-119.268
-123.56
-120.4
-124.17
-119.437
-123.388
-122.208
-123.176
-121.224
-120.761
-121.582
-121.15
-123.847
-124.109
-120.681
-123.081
-118.634
-123.139
-119.757
-119.168
-118.588
-122.057
-122.707
-118.885
-119.159
-118.914
-123.496
-123.224
-122.117
-119.741
-122.329
-120.99
-124.22
-122.144
-120.974
-118.73
-119.197
-123.502
-120.246
-124.012
-119.135
-123.383
-121.87
-123.027
-121.1
-120.461
-121.645
-121.201
-123.863
-124.331
-120.664
-122.826
-118.429
-123.365
-119.364
-119.119
-118.59
-121.688
-122.724
-118.141
-119.431
-118.173
-123.225
-123.322
-122.184
-119.389
-122.517
-121.246
-124.339
-122.448
-120.951
-116.108
-116.328
-117.404
-115.21
-117.008
-113.566
-117.745
-115.533
-119.436
-119.151
-117.406
-118.321
-116.65
-118.134
-117.767
-118.41
-118.151
-120.878
-118.768
-117.366
-121.023
-116.774
-118.632
-120.169
-117.236
-118.287
-118.383
-120.598
-120.868
-120.433
-119.198
-120.921
-118.989
-122.82
-121.915
-122.476
-115.941
-116.42
-117.183
-114.931
-117.166
-113.694
-117.348
-115.272
-119.398
-119.633
-117.437
-118.139
-116.631
-117.944
-117.555
-118.23
-118.015
-121.223
-118.677
-117.302
-120.978
-116.388
-118.653
-119.776
-116.936
-118.107
-118.224
-120.404
-120.857
-120.216
-119.266
-120.963
-118.822
-122.775
-121.518
-122.297
-116.21
-116.464
-117.153
-115.182
-117.338
-113.695
-117.682
-115.516
-119.306
-119.647
-116.928
-118.234
-116.697
-118.155
-117.675
-118.294
-117.935
-120.97
-118.746
-117.245
-120.813
-116.656
-118.459
-119.791
-117.021
-118.115
-118.328
-120.494
-120.845
-120.265
-119.162
-120.744
-118.852
-122.804
-121.822
-122.332
-120.742
-123.321
-123.152
-123.527
-123.748
-117.199
-123.89
-115.876
-120.693
-119.56
-119.164
-120.029
-120.047
-122.323
-119.993
-118.624
-120.624
-125.537
-122.412
-121.26
-123.968
-117.87
-118.629
-123.784
-117.396
-117.038
-121.32
-121.539
-122.154
-119.655
-116.503
-123.139
-118.868
-121.058
-120.106
-118.045
-120.674
-123.04
-123.012
-123.508
-123.517
-117.206
-123.948
-116.005
-120.462
-119.641
-119.12
-119.741
-120.076
-121.995
-119.744
-118.765
-120.654
-125.276
-122.507
-121.105
-123.724
-117.598
-118.547
-123.587
-117.405
-116.978
-121.074
-121.138
-122.08
-119.399
-116.481
-122.757
-118.651
-120.788
-119.811
-117.863
-120.588
-123.037
-123.241
-123.472
-123.733
-117.173
-123.83
-116.126
-120.174
-119.477
-118.992
-119.636
-119.768
-122.117
-119.695
-118.435
-120.24
-125.181
-122.118
-120.974
-123.858
-117.744
-118.524
-123.523
-117.448
-116.967
-121.097
-120.987
-121.74
-119.412
-116.402
-122.839
-118.371
-120.694
-120.033
-117.703
-120.548
-121.517
-122.709
-120.775
-124.751
-121.383
-122.92
-124.571
-123.87
-123.544
-122.555
-119.1
-123.291
-123.425
-126.19
-120.52
-122.842
-120.706
-121.776
-122.134
-121.847
-121.484
-124.203
-120.951
-120.902
-121.891
-121.786
-121.334
-122.812
-123
-122.276
-124.382
-123.481
-123.529
-124.703
-122.813
-120.038
-121.154
-122.088
-120.416
-124.357
-121.176
-122.529
-123.994
-123.156
-123.083
-122.155
-118.192
-122.951
-122.844
-125.813
-120.598
-122.817
-119.75
-121.187
-121.208
-121.083
-120.767
-123.345
-120.375
-120.655
-121.278
-121.214
-120.601
-122.364
-122.114
-121.517
-123.606
-122.295
-122.699
-123.669
-122.04
-119.9
-121.103
-122.227
-120.213
-124.364
-120.964
-122.402
-124.048
-123.07
-123.108
-121.858
-118.103
-122.842
-122.838
-125.731
-120.426
-122.448
-120.048
-121.191
-121.09
-121.109
-120.64
-123.161
-120.111
-120.516
-121.253
-120.878
-120.6
-122.391
-122.411
-121.708
-123.381
-122.523
-122.984
-124.006
-122.26
-117.123
-120.191
-117.756
-121.488
-121.399
-118.173
-120.948
-121.597
-119.564
-123.056
-121.089
-122.298
-125.304
-122.666
-125.878
-114.99
-125.859
-123.213
-121.628
-125.27
-121.775
-116.647
-125.981
-123.79
-122.739
-119.188
-120.815
-121.629
-122.782
-124.929
-122.001
-119.63
-123.558
-124.946
-124.166
-122.293
-116.819
-119.842
-117.376
-121.08
-121.048
-117.684
-120.562
-121.143
-119.235
-122.766
-120.606
-121.75
-125.071
-122.222
-125.383
-115.008
-125.121
-122.938
-121.661
-124.659
-121.702
-116.181
-125.28
-123.515
-122.302
-118.878
-120.482
-121.296
-122.428
-124.348
-121.977
-119.344
-122.85
-124.658
-123.649
-121.871
-116.649
-119.62
-117.412
-121.079
-121.062
-117.704
-120.626
-121.24
-119.041
-122.815
-120.629
-121.825
-124.905
-122.169
-125.353
-114.952
-125.015
-122.768
-121.648
-124.513
-121.564
-116.449
-125.164
-123.573
-122.348
-118.976
-120.332
-121.114
-122.499
-124.234
-121.927
-119.198
-123.022
-124.565
-123.837
-121.957
-118.247
-120.34
-120.872
-121.262
-120.836
-122.01
-121.688
-119.69
-123.329
-124.521
-122.542
-120.456
-120.55
-120.999
-122.613
-118.857
-120.767
-123.979
-120.484
-118.831
-120.114
-119.45
-120.097
-120.928
-117.845
-121.646
-121.893
-121.448
-122.829
-121.84
-126.018
-122.953
-120.216
-125.971
-124.288
-123.516
-118.257
-120.43
-120.41
-121.133
-120.876
-121.772
-122.108
-119.482
-123.35
-125.019
-122.444
-120.482
-120.577
-121.236
-122.657
-118.688
-120.877
-123.923
-120.756
-118.86
-120.204
-118.995
-120.056
-121.068
-117.909
-121.48
-121.599
-121.47
-122.816
-122.074
-126.384
-122.739
-120.3
-125.698
-124.566
-123.352
-118.005
-120.552
-120.691
-121.544
-120.903
-121.717
-122.111
-119.704
-123.081
-125.138
-122.23
-120.866
-120.613
-121.29
-122.959
-118.89
-120.815
-123.934
-120.904
-118.752
-120.04
-119.373
-119.888
-121.05
-117.937
-121.939
-121.512
-121.466
-122.737
-121.926
-126.304
-122.939
-120.336
-125.735
-124.661
-123.25
-127
-121.38
-121.455
-123.965
-125.098
-121.994
-122.442
-123.182
-127.643
-125.587
-125.244
-121.881
-123.681
-127.808
-125.86
-121.616
-123.16
-127.989
-122.616
-120.06
-122.326
-120.618
-121.191
-119.362
-122.212
-120.238
-121.453
-125.803
-120.554
-124.438
-121.711
-125.974
-124.822
-124.845
-123.867
-124.734
-126.739
-121.289
-121.181
-123.92
-125.015
-121.977
-122.031
-122.865
-127.331
-125.466
-125.264
-121.688
-123.713
-127.48
-125.732
-121.479
-123.002
-127.681
-122.25
-119.694
-122.149
-120.246
-120.975
-119.358
-122.143
-120.061
-121.262
-125.673
-120.31
-123.955
-121.982
-125.244
-124.51
-124.287
-123.671
-124.311
-126.875
-121.471
-121.456
-124.032
-125.242
-122.081
-122.162
-122.856
-127.251
-125.266
-124.593
-121.727
-123.614
-127.587
-125.979
-121.648
-122.7
-127.628
-122.413
-119.862
-122.282
-120.378
-120.703
-119.308
-122.226
-119.975
-121.018
-125.805
-120.525
-124.241
-121.734
-125.664
-125.016
-124.342
-123.961
-124.293
-117.1
-116.048
-117.194
-116.97
-120.405
-116.777
-114.303
-119.177
-116.267
-115.966
-117.613
-120.437
-118.599
-118.229
-117.332
-116.928
-118.096
-119.945
-120.415
-116.974
-119.983
-118.993
-117.543
-119.641
-117.563
-119.008
-118.101
-118.936
-121.275
-120.319
-118.777
-122.281
-119.305
-117.849
-120.089
-117.208
-117.311
-116.144
-117.083
-117.075
-120.327
-116.717
-114.583
-119.311
-116.527
-116.231
-117.555
-120.274
-118.876
-118.186
-117.331
-116.867
-118.213
-119.777
-120.574
-117.023
-120.065
-118.979
-117.545
-119.837
-117.589
-119.149
-118.016
-118.826
-121.015
-120.323
-118.884
-121.951
-119.168
-117.809
-119.988
-117.149
-117.236
-116.283
-117.28
-117.087
-120.531
-116.886
-114.527
-119.479
-116.547
-116.208
-117.404
-120.207
-118.564
-118.325
-117.426
-116.855
-117.937
-119.741
-120.925
-117.037
-120.165
-119.153
-117.633
-119.916
-117.631
-119.028
-117.973
-118.867
-121.025
-120.258
-118.836
-121.912
-119.37
-117.731
-120.094
-117.077
-121.222
-121.027
-119.789
-122.07
-119.832
-119.539
-122.075
-122.058
-122.301
-119.974
-119.274
-120.351
-122.365
-122.41
-119.95
-122.096
-122.093
-122.388
-117.276
-116.872
-119.118
-118.057
-118.99
-121.148
-119.296
-118.129
-120.321
-123.227
-122.152
-119.908
-120.87
-123.288
-120.251
-121.495
-120.329
-122.732
-121.412
-121.176
-119.588
-122.157
-120.013
-119.665
-122.183
-122.166
-122.394
-120.37
-119.509
-120.386
-122.734
-122.402
-119.984
-122.304
-122.364
-122.4
-117.496
-116.912
-119.499
-117.784
-119.117
-121.361
-119.354
-117.99
-120.434
-123.558
-122.287
-119.967
-121.078
-123.385
-120.516
-121.637
-120.296
-123.009
-120.688
-120.876
-119.272
-122.046
-119.716
-119.39
-121.479
-122.076
-121.857
-120.244
-118.962
-120.31
-122.408
-122.45
-119.94
-122.212
-122.015
-122.373
-117.306
-116.68
-119.081
-117.961
-119.09
-121.227
-119.295
-117.934
-120.208
-123.301
-122.071
-119.753
-120.747
-123.216
-120.223
-121.365
-120.31
-122.832
-117.838
-114.923
-117.708
-118.332
-116.968
-115.247
-116.137
-117.718
-119.339
-117.111
-116.175
-116.774
-116.476
-119.857
-124.02
-118.288
-116.201
-117.762
-121.284
-116.52
-121.919
-117.122
-116.377
-118.799
-115.843
-115.666
-119.501
-118.895
-117.176
-117.405
-115.984
-115.314
-115.811
-119.589
-116.184
-115.107
-118.154
-115.39
-118.075
-118.652
-117.512
-115.504
-116.287
-117.745
-119.652
-117.258
-116.248
-116.992
-116.531
-119.947
-124.084
-118.226
-116.274
-117.987
-121.368
-116.71
-121.748
-117.27
-116.429
-119.184
-115.886
-115.949
-119.522
-118.829
-117.167
-117.344
-116.061
-115.398
-116.015
-119.681
-116.102
-114.929
-117.674
-115.163
-117.755
-118.66
-117.188
-115.328
-115.985
-117.535
-119.079
-117.292
-116.171
-116.748
-116.606
-119.957
-124.071
-118.32
-115.991
-117.728
-121.113
-116.581
-121.47
-117.13
-116.159
-119.079
-115.9
-115.671
-119.142
-118.816
-117.397
-117.303
-116.128
-115.457
-115.929
-119.606
-116.159
-115.128
-117.272
-117.873
-117.265
-117.976
-118.474
-116.392
-119.358
-116.01
-118.352
-121.971
-117.762
-120.313
-118.179
-117.996
-119.77
-118.768
-119.392
-118.825
-117.415
-115.267
-118.551
-116.885
-117.33
-116.388
-115.663
-117.802
-115.891
-117.614
-117.544
-116.643
-116.469
-118.001
-115.883
-119.454
-117.003
-118.106
-117.201
-118.033
-117.113
-117.417
-118.328
-116.164
-119.068
-115.558
-118.11
-121.841
-117.842
-119.905
-118.173
-117.785
-119.418
-118.479
-118.891
-118.638
-116.926
-115.1
-118.301
-116.314
-116.564
-115.897
-115.149
-117.264
-115.531
-117.218
-117.352
-116.113
-116.092
-117.825
-115.243
-119.106
-116.509
-117.697
-116.563
-117.891
-116.891
-117.763
-118.212
-116.219
-119.038
-115.799
-117.618
-121.961
-117.659
-120.064
-118.017
-117.828
-119.508
-118.522
-118.816
-118.781
-117.101
-114.702
-118.217
-116.51
-117.024
-116.17
-115.547
-117.57
-115.455
-117.413
-117.321
-116.385
-116.282
-117.721
-115.591
-119.344
-116.914
-117.712
-119.253
-118.639
-120.578
-119.14
-116.35
-116.238
-115.803
-118.877
-118.493
-119.858
-120.988
-117.647
-121.51
-119.865
-120.288
-120.941
-118.959
-120.523
-120.931
-119.341
-117.499
-117.236
-116.499
-117.53
-115.367
-118.189
-119.067
-119.166
-119.785
-117.846
-118.213
-121.892
-117.966
-120.821
-118.187
-119.483
-118.756
-118.541
-119.984
-118.639
-116.336
-115.906
-115.635
-118.572
-118.324
-119.81
-120.823
-117.7
-121.77
-119.946
-120.385
-121.21
-119.085
-120.696
-120.652
-119.079
-117.196
-116.874
-116.261
-117.521
-115.134
-117.89
-118.682
-119.173
-119.634
-117.612
-118.112
-121.705
-117.99
-120.581
-118.151
-119.517
-118.59
-118.704
-120.562
-118.964
-116.475
-116.242
-115.708
-118.854
-118.105
-119.801
-121.023
-117.71
-121.513
-119.912
-120.292
-121.079
-119.065
-120.433
-120.865
-119.114
-117.256
-117.058
-116.35
-117.554
-115.243
-117.888
-118.524
-119.279
-119.792
-117.463
-118.104
-121.726
-118.062
-120.593
-118.099
-119.297
-115.596
-116.296
-117.458
-116.335
-118.75
-115.452
-120.872
-116.686
-118.806
-118.441
-117.861
-118.021
-119.994
-120.108
-120.988
-116.357
-116.481
-118.264
-121.252
-115.461
-119.503
-118.22
-118.892
-117.794
-116.73
-117.905
-115.863
-119.474
-121.015
-120.349
-117.778
-121.64
-119.322
-119.623
-119.452
-119.743
-115.363
-116.218
-117.153
-116.062
-118.552
-115.199
-120.606
-116.669
-118.689
-118.861
-117.904
-117.639
-120.019
-120.42
-120.983
-116.161
-116.321
-118.123
-121.203
-115.502
-119.536
-117.789
-118.622
-117.659
-116.469
-117.4
-115.852
-119.204
-120.716
-120.092
-117.83
-121.439
-119.11
-119.299
-119.122
-119.729
-115.034
-116.177
-116.983
-116.072
-118.383
-115.16
-120.6
-116.522
-118.18
-118.912
-117.769
-117.976
-119.905
-120.227
-121.146
-116.476
-116.265
-118.179
-121.181
-115.148
-119.313
-118.275
-118.572
-117.689
-116.43
-117.877
-115.596
-119.385
-120.855
-119.913
-117.661
-121.117
-119.514
-119.356
-119.289
-119.795
-120.17
-120.224
-123.569
-121.843
-119.015
-119.63
-120.481
-122.159
-122.373
-128.701
-121.095
-125.863
-123.133
-123.908
-125.918
-119.598
-121.908
-124.143
-118.523
-120.705
-123.991
-117.593
-122.419
-121.617
-119.98
-121.087
-122.003
-122.657
-121.603
-123.777
-121.218
-124.175
-121.767
-123.721
-122.703
-123.054
-120.121
-120.092
-123.359
-121.47
-118.962
-119.458
-120.568
-122.3
-122.424
-128.987
-121.189
-125.393
-122.841
-123.716
-125.492
-119.479
-121.95
-123.941
-118.329
-120.452
-123.886
-117.454
-122.286
-121.677
-120.108
-120.813
-121.93
-122.678
-121.546
-123.742
-121.428
-123.935
-121.442
-123.465
-122.201
-122.714
-120.219
-120.567
-123.536
-121.996
-119.003
-119.611
-120.742
-122.317
-122.572
-128.945
-120.63
-125.532
-123.264
-123.794
-125.587
-119.693
-121.901
-123.997
-118.732
-120.473
-123.974
-117.596
-122.44
-121.936
-119.995
-120.816
-121.732
-122.556
-121.677
-123.642
-121.197
-124.231
-122.141
-123.506
-122.905
-122.856
-114.533
-115.746
-116.396
-118.13
-116.308
-116.052
-114.96
-114.683
-117.197
-118.21
-117.01
-114.807
-115.627
-116.222
-116.71
-116.486
-116.012
-117.24
-117.385
-114.977
-120.498
-114.705
-117.114
-118.919
-114.94
-113.831
-117.953
-116.522
-116.606
-115.794
-115.475
-117.172
-119.699
-118.307
-116.132
-116.359
-114.672
-115.817
-115.813
-117.912
-116.355
-115.887
-115.052
-114.63
-117.22
-118.399
-116.887
-114.735
-115.831
-116.253
-117.07
-116.189
-116.014
-117.001
-117.281
-114.839
-120.388
-114.352
-116.815
-118.998
-114.861
-113.602
-117.977
-116.46
-116.501
-115.545
-115.566
-117.241
-119.756
-118.101
-116.019
-116.164
-114.391
-115.884
-116.269
-118.223
-116.527
-116.079
-115.071
-114.807
-117.28
-118.31
-116.705
-114.845
-115.686
-116.36
-117.054
-116.256
-115.919
-117.04
-117.488
-114.849
-120.265
-114.736
-117.147
-119.09
-114.784
-113.893
-117.806
-116.46
-116.526
-115.653
-115.437
-117.067
-119.954
-118.141
-116.166
-116.129
-119.491
-116.149
-119.508
-117.243
-120.385
-114.374
-118.74
-118.31
-119.616
-120.122
-118.273
-120.583
-119.903
-122.329
-123.172
-120.281
-118.517
-122.617
-118.326
-118.23
-118.365
-119.211
-117.012
-118.815
-118.543
-120.118
-121.766
-127.367
-122.745
-126.198
-125.251
-122.553
-122.304
-122.067
-124.634
-126.237
-119.393
-116.202
-119.391
-117.443
-120.279
-114.458
-118.559
-118.126
-119.649
-120.234
-118.483
-120.123
-119.726
-121.775
-123.006
-120.122
-117.786
-122.162
-118.322
-118.144
-118.091
-119.214
-116.942
-118.748
-118.409
-120.207
-121.73
-127.096
-122.741
-125.97
-125.07
-122.524
-122.017
-122.123
-124.295
-126.043
-119.502
-116.117
-119.394
-117.26
-120.447
-114.364
-118.727
-118.277
-119.528
-119.935
-118.211
-120.236
-119.478
-122.267
-123.198
-120.33
-118.09
-122.228
-117.836
-117.939
-118.401
-119.168
-116.922
-118.462
-118.363
-119.969
-121.222
-127.304
-122.66
-126.11
-125.487
-122.486
-122.251
-122.083
-124.561
-126.042
-121.282
-123.73
-120.039
-120.436
-123.826
-122.123
-122.221
-122.458
-125.504
-123.126
-120.746
-124.816
-123.469
-121.88
-125.773
-120.804
-121.873
-122.335
-123.256
-119.869
-123.992
-121.544
-121.272
-123.944
-121.493
-121.214
-122.14
-121.97
-124.859
-123.393
-123.989
-123.279
-123.891
-126.016
-126.145
-125.831
-121.098
-123.68
-119.864
-119.985
-123.332
-122.028
-121.708
-122.333
-125.349
-122.616
-120.064
-124.187
-122.612
-121.346
-125.178
-120.077
-121.132
-121.777
-122.715
-119.583
-123.625
-120.756
-120.759
-123.661
-121.252
-120.615
-122.015
-121.826
-124.412
-123.084
-123.782
-122.997
-123.239
-125.527
-125.64
-125.398
-120.78
-123.338
-119.786
-119.731
-123.404
-122.087
-121.78
-122.206
-125.153
-122.434
-119.763
-124.463
-122.571
-121.248
-124.967
-120.224
-121.15
-121.828
-122.716
-119.24
-123.593
-120.917
-120.867
-123.644
-121.12
-120.645
-121.823
-121.437
-124.193
-122.707
-123.638
-122.548
-123.12
-125.709
-125.615
-125.225
-120.183
-121.121
-121.255
-119.422
-124.453
-118.881
-122.478
-120.138
-124.298
-121.669
-121.151
-126.222
-122.953
-123.053
-126.714
-119.922
-124.9
-124.953
-122.606
-122.601
-122.84
-120.659
-123.954
-125.704
-121.36
-121.553
-124.537
-121.337
-123.74
-122.996
-124.498
-124.483
-124.755
-126.525
-124.253
-125.098
-120.023
-120.803
-121.326
-119.369
-124.307
-118.893
-122.439
-120.008
-124.162
-121.755
-121.043
-125.926
-122.67
-123.281
-126.746
-119.612
-124.836
-124.96
-122.667
-122.435
-122.855
-120.422
-123.961
-125.61
-121.358
-121.314
-124.503
-121.493
-123.59
-122.98
-124.601
-124.358
-124.52
-126.622
-123.957
-124.881
-120.014
-120.992
-121.291
-119.352
-124.311
-118.929
-122.487
-119.991
-124.188
-121.561
-120.949
-125.865
-122.741
-123.08
-126.587
-119.784
-124.779
-124.865
-122.709
-122.357
-122.894
-120.65
-123.936
-125.735
-121.338
-121.392
-124.517
-121.396
-123.866
-122.734
-124.447
-124.524
-124.702
-126.583
-124.088
-124.786
-118.98
-117.487
-119.068
-117.268
-120.159
-119.661
-119.633
-114.575
-121.442
-120.134
-120.22
-118.844
-121.132
-120.107
-119.892
-114.801
-119.283
-117.685
-123.279
-120.216
-120.751
-117.109
-120.013
-120.379
-120.851
-118.945
-122.381
-119.671
-117.572
-117.398
-116.815
-118.871
-118.957
-120.658
-119.22
-117.554
-118.828
-117.576
-118.971
-117.192
-120.084
-119.648
-119.757
-114.742
-121.466
-120.441
-120.284
-118.972
-121.246
-120.035
-119.949
-115.23
-119.539
-117.676
-123.16
-120.176
-120.631
-117.343
-119.981
-120.108
-120.834
-118.931
-122.208
-119.751
-117.973
-117.489
-117.103
-118.736
-119.039
-120.614
-119.417
-117.474
-118.818
-117.507
-118.802
-117.22
-120.052
-119.577
-119.721
-114.601
-121.342
-120.386
-120.546
-118.803
-121.151
-119.9
-120.047
-114.96
-119.416
-117.589
-123.113
-120.356
-120.63
-117.141
-119.721
-120.098
-120.789
-118.778
-121.858
-119.738
-117.914
-117.366
-116.871
-118.749
-119.121
-120.711
-119.418
-117.34
-119.291
-121.706
-122.714
-120.085
-121.135
-118.839
-121.627
-118.749
-121.408
-125.572
-121.317
-120.352
-120.172
-125.108
-123.461
-124.7
-119.435
-121.628
-124.87
-119.644
-129.138
-122.102
-123.254
-123.065
-119.66
-121.934
-124.392
-125.501
-124.7
-126.945
-121.551
-126.894
-126.763
-126.651
-122.65
-125.302
-119.349
-122.036
-122.353
-120.114
-120.728
-118.56
-121.368
-118.777
-121.125
-125.726
-121.365
-120.311
-120.224
-125.253
-123.561
-124.92
-119.743
-121.997
-125.041
-119.303
-128.86
-121.877
-123.047
-123.259
-119.495
-121.525
-124.181
-125.46
-124.703
-126.781
-121.692
-126.48
-126.691
-126.16
-122.723
-125.19
-119.018
-122.23
-122.875
-120.39
-120.994
-118.814
-121.347
-118.828
-121.161
-125.908
-121.338
-120.291
-120.196
-125.178
-123.449
-125.05
-119.567
-121.835
-124.842
-119.346
-129.038
-121.788
-123.088
-123.453
-119.167
-121.562
-123.917
-125.252
-124.546
-126.81
-121.327
-126.447
-127.218
-126.332
-122.803
-124.964
-117.979
-118.251
-117.198
-116.323
-119.776
-115.527
-118.051
-116.491
-120.804
-122.605
-122.405
-125.719
-122.366
-122.433
-122.465
-121.001
-123.721
-122.978
-121.402
-118.647
-121.07
-117.834
-119.806
-120.34
-115.525
-120.392
-122.024
-120.617
-121.508
-121.252
-118.777
-122.809
-121.185
-123.526
-122.938
-122.717
-117.544
-117.683
-116.803
-116.598
-119.416
-115.3
-117.515
-116.135
-120.375
-122.453
-122.236
-124.671
-122.016
-121.691
-121.995
-120.695
-123.159
-121.945
-121.01
-118.3
-120.52
-117.317
-119.543
-119.995
-115.182
-119.897
-121.783
-120.073
-121.328
-120.557
-118.716
-122.132
-120.766
-122.811
-122.273
-122.042
-117.595
-117.835
-117.037
-116.68
-119.538
-115.458
-117.599
-116.307
-120.439
-122.544
-122.001
-124.753
-121.881
-121.706
-122.165
-120.615
-122.929
-122.067
-120.988
-118.126
-120.322
-117.502
-119.454
-120.08
-115.3
-120.108
-121.311
-120.132
-121.244
-120.248
-118.701
-122.243
-120.992
-122.724
-122.512
-121.942
-123.319
-118.807
-122.307
-122.418
-122.356
-120.758
-122.011
-122.09
-122.209
-119.989
-123.675
-118.844
-119.143
-119.622
-121.497
-115.958
-119.59
-119.043
-123.156
-120.942
-123.202
-123.22
-122.286
-122.088
-120.293
-122.681
-120.786
-117.909
-123.779
-119.379
-121.803
-119.048
-119.986
-120.327
-115.89
-117.144
-123.353
-118.786
-122.21
-122.434
-122.207
-120.761
-122.148
-121.977
-122.205
-120.134
-123.551
-118.781
-119.117
-119.705
-121.39
-116.096
-119.821
-118.877
-123.357
-120.888
-123.167
-123.447
-122.287
-122.157
-120.448
-122.728
-120.717
-118.065
-123.776
-119.297
-121.926
-119.003
-120.011
-120.493
-115.885
-117.144
-122.879
-118.817
-121.801
-122.51
-122.091
-120.453
-121.97
-121.9
-122.011
-119.944
-123.267
-118.68
-118.988
-119.534
-121.359
-115.849
-119.575
-118.72
-122.826
-120.538
-122.693
-123.235
-121.799
-122.067
-120.045
-122.544
-120.431
-117.894
-123.509
-119.222
-121.854
-118.742
-119.956
-120.128
-115.744
-116.937
-115.968
-117.238
-117.947
-116.546
-117.253
-115.251
-117.009
-118.006
-117.937
-120.608
-122.037
-119.428
-119.054
-120.113
-121.424
-116.594
-119.668
-120.774
-121.419
-115.497
-116.947
-116.684
-117.853
-117.482
-116.265
-115.487
-115.368
-120.2
-123.043
-121.736
-119.118
-121.178
-119.253
-121.347
-120.852
-120.697
-116.261
-117.651
-118.012
-116.422
-117.551
-115.525
-117.134
-117.91
-117.993
-120.753
-121.722
-119.164
-119.035
-119.713
-121.181
-116.472
-119.234
-120.41
-121.237
-115.687
-116.669
-116.569
-117.655
-117.479
-116.143
-115.572
-115.243
-120.252
-123.207
-121.606
-119.287
-120.895
-119.078
-121.367
-120.531
-120.751
-115.996
-117.496
-117.852
-116.547
-117.517
-115.66
-116.924
-118.025
-117.752
-120.954
-121.338
-119.346
-119.257
-119.945
-121.278
-116.562
-119.178
-120.469
-121.523
-115.59
-116.97
-116.714
-117.684
-117.452
-116.325
-115.57
-115.382
-120.104
-123.21
-121.64
-119.451
-120.624
-119.259
-121.623
-120.801
-120.897
-120.493
-116.159
-116.354
-117.695
-119.167
-116.482
-117.716
-114.66
-119.098
-119.942
-115.904
-120.841
-117.366
-117.276
-121.235
-116.01
-116.262
-121.071
-114.744
-114.467
-113.427
-115.732
-119.416
-115.735
-115.723
-114.274
-114.663
-117.67
-120.473
-119.045
-118.223
-121.258
-118.419
-119.878
-118.018
-119.456
-120.411
-116.198
-116.293
-117.743
-119.199
-116.552
-117.558
-114.809
-118.998
-120.24
-115.828
-120.847
-117.441
-117.279
-121.328
-115.977
-116.237
-120.851
-114.85
-114.535
-113.686
-115.473
-119.564
-115.883
-115.687
-114.209
-114.788
-117.453
-120.436
-118.883
-118.131
-121.001
-118.372
-119.955
-117.93
-119.254
-120.259
-116.108
-116.146
-117.42
-119.124
-116.313
-117.554
-114.58
-118.787
-120.152
-115.713
-120.812
-117.473
-117.416
-121.353
-115.957
-116.256
-120.942
-114.866
-114.34
-113.727
-115.647
-119.455
-115.748
-115.583
-114.108
-114.751
-117.476
-120.462
-118.907
-118.156
-121.058
-118.316
-119.794
-117.878
-119.267
-119.792
-117.318
-120.175
-117.712
-120.448
-118.286
-120.429
-120.484
-122.238
-119.748
-118.372
-120.52
-119.479
-120.394
-120.104
-115.855
-118.174
-121.253
-120.048
-117.787
-119.193
-116.15
-117.184
-118.565
-118.058
-118.832
-119.67
-118.191
-121.427
-118.954
-117.433
-120.833
-118.737
-122.764
-120.948
-117.826
-119.961
-117.327
-120.075
-117.757
-120.285
-118.307
-120.153
-120.411
-122.329
-120.131
-118.313
-120.299
-119.519
-120.499
-120.047
-115.843
-117.993
-121.042
-119.959
-117.816
-118.966
-116.133
-117.099
-118.562
-118.022
-118.726
-119.595
-118.237
-121.393
-118.832
-117.533
-120.673
-118.66
-122.833
-120.739
-117.751
-119.36
-117.302
-119.898
-117.809
-120.243
-118.178
-120.13
-120.536
-121.698
-119.875
-117.955
-120.206
-119.101
-120.411
-120.043
-115.606
-117.692
-120.603
-119.723
-117.249
-118.86
-116.078
-116.877
-118.303
-117.91
-118.742
-119.135
-118.415
-121.37
-119.006
-117.456
-120.738
-118.542
-122.877
-121.032
-117.817
-125.771
-124.48
-125.184
-125.712
-124.791
-121.951
-123.162
-122.536
-124.389
-125.903
-121.595
-126.572
-122.787
-127.2
-125.511
-123.583
-125.957
-126.265
-122.559
-124.369
-128.135
-125.062
-122.888
-124.612
-121.882
-124.945
-123.498
-127.857
-123.723
-126.796
-125.45
-125.719
-126.809
-125.983
-123.927
-125.853
-125.663
-124.776
-124.795
-125.968
-125.168
-121.695
-123.66
-122.929
-124.464
-125.721
-121.39
-126.249
-122.925
-126.628
-125.329
-123.498
-126.134
-126.291
-122.99
-124.525
-127.992
-124.709
-123.016
-124.727
-122.213
-124.697
-123.608
-128.038
-123.799
-127.243
-125.947
-125.946
-127.017
-126.618
-123.996
-125.709
-125.689
-124.776
-125.304
-126.02
-125.138
-121.975
-123.694
-122.736
-124.369
-125.367
-120.964
-126.333
-122.784
-126.931
-125.539
-123.503
-125.599
-125.945
-122.923
-123.936
-128.087
-124.984
-122.937
-124.65
-122.396
-124.813
-123.46
-128.034
-123.629
-126.95
-125.337
-125.806
-126.92
-126.65
-123.997
-125.615
-119.334
-120.328
-120.29
-120.411
-121.57
-118.243
-120.942
-118.241
-124.86
-118.177
-118.547
-121.523
-120.916
-121.487
-120.612
-119.406
-119.002
-122.377
-119.358
-120.367
-119.903
-122.1
-118.255
-122.425
-117.773
-115.283
-118.049
-121.148
-120.967
-122.401
-121.607
-121.663
-121.043
-120.302
-119.269
-124.421
-119.172
-120.406
-119.814
-120.345
-121.533
-117.976
-121.075
-118.267
-124.834
-118.39
-118.428
-121.268
-120.821
-121.755
-120.513
-118.79
-118.914
-122.184
-119.425
-120.076
-119.802
-121.648
-118.282
-122.397
-117.754
-115.255
-117.871
-120.869
-120.88
-122.212
-121.593
-121.498
-120.653
-120.113
-119.342
-124.175
-119.092
-120.313
-119.904
-120.434
-121.577
-118.164
-121.128
-118.223
-124.623
-118.276
-118.293
-121.249
-120.74
-121.304
-120.342
-118.992
-118.802
-122.007
-119.302
-120.204
-119.607
-121.956
-118.304
-122.166
-117.851
-115.182
-117.772
-120.923
-121.021
-122.121
-121.529
-121.361
-121.033
-120.15
-119.158
-124.3
-118.382
-116.683
-120.167
-119.378
-120.674
-116.348
-116.502
-118.316
-118.165
-120.079
-119.047
-122.51
-117.125
-121.577
-125.64
-122.106
-124.544
-123.975
-123.697
-119.418
-123.856
-117.367
-124.837
-122.746
-116.873
-119.243
-122.588
-121.727
-121.945
-121.095
-119.882
-120.408
-119.904
-122.958
-119.716
-119.226
-118.759
-117.189
-120.038
-119.806
-121.087
-116.83
-117.212
-118.649
-118.554
-120.231
-119.345
-122.122
-117.028
-121.492
-125.393
-122.084
-124.351
-123.902
-123.157
-118.955
-123.552
-117.004
-124.471
-122.374
-116.713
-118.901
-122.389
-121.836
-121.84
-121.337
-119.876
-120.563
-119.864
-122.933
-119.772
-119.087
-118.87
-117.382
-120.661
-119.868
-121.246
-116.917
-117.52
-118.859
-118.569
-120.48
-119.299
-122.54
-117.346
-121.8
-125.76
-122.194
-124.494
-124.081
-123.534
-119.101
-124.052
-117.172
-124.404
-122.819
-116.738
-119.259
-122.402
-121.935
-121.963
-121.352
-120.125
-120.87
-120.207
-123.205
-119.759
-119.375
-123.221
-122.402
-122.669
-120.116
-125.564
-119.805
-122.767
-124.92
-122.15
-124.798
-122.963
-124.131
-123.572
-123.615
-126.991
-125.351
-123.671
-120.14
-128.036
-127.798
-127.306
-124.154
-126.168
-122.128
-123.551
-123.481
-121.554
-123.549
-122.748
-122.709
-120.161
-125.881
-119.977
-122.908
-125.13
-122.159
-125.116
-123.194
-124.302
-123.67
-123.953
-127.281
-125.489
-123.822
-120.193
-128.292
-128.211
-127.762
-124.7
-126.328
-122.308
-123.7
-123.702
-121.665
-123.296
-122.664
-122.712
-120.17
-125.517
-120.086
-122.532
-125.154
-121.78
-125.007
-123.168
-124.203
-123.548
-123.731
-127.135
-125.329
-123.618
-120.136
-128.121
-128.126
-127.696
-124.632
-126.085
-122.228
-123.871
-123.678
-121.494
-114.63
-116.994
-117.636
-116.988
-119.172
-116.384
-118.945
-116.675
-121.998
-117.708
-114.767
-120.412
-118.536
-123.261
-120.846
-117.538
-117.907
-119.832
-119.25
-116.866
-121.077
-117.282
-116.664
-116.621
-116.635
-114.685
-118.8
-117.037
-118.714
-118.221
-120.198
-119.085
-125.291
-117.459
-116.295
-116.564
-114.672
-117.126
-117.655
-117.139
-119.112
-116.333
-118.917
-116.815
-121.997
-117.809
-114.597
-120.135
-118.686
-123.271
-120.583
-117.697
-117.722
-119.708
-119.205
-116.637
-120.921
-117.24
-116.797
-116.557
-116.488
-114.708
-118.719
-117.004
-118.579
-118.47
-120.041
-118.902
-125.238
-117.319
-116.198
-116.34
-114.679
-117.042
-117.556
-117.013
-118.995
-116.297
-118.695
-116.579
-121.86
-117.636
-114.518
-120.129
-118.606
-123.243
-120.776
-117.539
-117.754
-119.425
-119.165
-116.699
-120.86
-117.196
-116.543
-116.616
-116.547
-114.594
-118.842
-116.979
-118.583
-118.25
-120.044
-118.834
-125.287
-117.153
-116.126
-116.111
-118.519
-118.905
-118.419
-118.516
-119.243
-117.887
-120.108
-117.558
-121.874
-120.384
-122.279
-123.915
-122.623
-122.364
-125.093
-122.112
-122.576
-127.654
-120.778
-121.062
-121.62
-121.021
-122.023
-120.749
-120.098
-123.197
-123.77
-125.129
-125.216
-123.943
-121.711
-127.417
-122.168
-126.452
-125.402
-121.85
-118.276
-118.686
-118.098
-118.124
-119.19
-117.525
-119.698
-117.238
-121.409
-120.131
-121.774
-123.276
-122.407
-122.165
-124.835
-121.771
-122.303
-127.196
-120.41
-120.689
-121.28
-120.548
-121.665
-120.426
-119.866
-122.735
-123.33
-124.794
-124.868
-123.613
-121.631
-127.078
-121.791
-126.051
-125.044
-121.416
-118.286
-118.844
-118.082
-118.396
-119.21
-117.651
-120.148
-117.593
-121.423
-120.194
-121.397
-123.234
-122.204
-122.015
-124.787
-121.638
-122.105
-126.898
-120.417
-120.362
-121.295
-120.659
-121.524
-120.302
-119.815
-122.802
-123.015
-124.833
-124.903
-123.373
-121.535
-126.841
-121.836
-125.86
-125.429
-121.509
-120.229
-117.923
-120.649
-123.198
-121.513
-119.465
-121.093
-118.993
-120.076
-121.281
-121.05
-120.227
-118.972
-121.213
-120.735
-119.172
-120.28
-120.958
-119.241
-120.824
-119.733
-120.414
-119.561
-120.418
-118.214
-117.309
-121.585
-120.063
-121.896
-122.141
-122.565
-120.597
-119.85
-122.003
-121.12
-121.426
-120.129
-118.115
-120.689
-122.997
-121.531
-119.232
-121.203
-118.81
-120.087
-121.399
-120.947
-119.957
-119.078
-121.359
-120.787
-119.197
-120.248
-121.222
-119.159
-120.794
-119.709
-120.121
-119.281
-120.212
-118.361
-117.233
-121.506
-119.853
-121.859
-122.069
-122.655
-120.552
-119.837
-121.991
-121.135
-121.357
-120.061
-117.963
-120.574
-123.179
-121.677
-119.077
-121.375
-118.905
-120.066
-121.28
-120.688
-120.205
-118.907
-121.323
-120.947
-119.278
-120.031
-121.009
-119.131
-120.5
-119.518
-120.375
-119.267
-120.04
-118.081
-117.3
-121.266
-119.918
-122.079
-121.868
-122.401
-120.559
-119.771
-121.986
-121.205
-121.323
